*3DSMAX_ASCIIEXPORT	110
*COMMENT "[ Kerrax ASCII Model Exporter ] - Feb 25 2013"
*SCENE {
	*SCENE_FILENAME ""
	*SCENE_FIRSTFRAME 0
	*SCENE_LASTFRAME 100
	*SCENE_FRAMESPEED 25
	*SCENE_TICKSPERFRAME 192
	*SCENE_BACKGROUND_STATIC 0	0	0
	*SCENE_AMBIENT_STATIC 0.2	0.2	0.2
}
*MATERIAL_LIST {
	*MATERIAL_COUNT 1
	*MATERIAL 0 {
		*MATERIAL_NAME "MultiMtl #0"
		*MATERIAL_CLASS "Multi/Sub-Object"
		*NUMSUBMTLS 3
		*SUBMATERIAL 0 {
			*MATERIAL_NAME "Nacked_Muscel0"
			*MATERIAL_CLASS "Standard"
			*MATERIAL_DIFFUSE 0.21568599343299866	0.21176500618457794	0.2666670083999634
			*MAP_DIFFUSE {
				*BITMAP "Pirat3.tga"
			}
		}
		*SUBMATERIAL 1 {
			*MATERIAL_NAME "Material #334.001"
			*MATERIAL_CLASS "Standard"
			*MATERIAL_DIFFUSE 0.6235290169715881	0.5803920030593872	0.5019609928131104
			*MAP_DIFFUSE {
				*BITMAP "Hum_Body_Naked_V0_C0.tga"
			}
		}
		*SUBMATERIAL 2 {
			*MATERIAL_NAME "D36_GREG_HAT"
			*MATERIAL_CLASS "Standard"
			*MATERIAL_DIFFUSE 0.2705880105495453	0.2705880105495453	0.2705880105495453
			*MAP_DIFFUSE {
				*BITMAP "Hum_Head_V160_C0.tga"
			}
		}
	}
}
*HELPEROBJECT {
	*NODE_NAME "Bip01"
	*NODE_TM {
		*NODE_NAME "Bip01"
		*TM_ROW0 0.024624036625027657	-0.9937736392021179	0.10866265743970871
		*TM_ROW1 0.9996931552886963	0.02477073296904564	1.968283243058977e-07
		*TM_ROW2 -0.0026918479707092047	0.10862930864095688	0.9940786957740784
		*TM_ROW3 0.14369697868824005	6.2038702964782715	100.62116241455078
		*TM_POS 0.14369697868824005	6.2038702964782715	100.62116241455078
		*TM_ROTAXIS 0.05432739481329918	0.05569041147828102	0.9969689249992371
		*TM_ROTANGLE 1.5490579123143635
		*TM_SCALE 1	1	1
		*TM_SCALEAXIS 0	0	0
		*TM_SCALEAXISANG 0	0	0
	}
}
*HELPEROBJECT {
	*NODE_NAME "Bip01 Footsteps"
	*NODE_PARENT "Bip01"
	*NODE_TM {
		*NODE_NAME "Bip01 Footsteps"
		*TM_ROW0 1.0	1.2582796671267715e-07	-5.349285743250221e-07
		*TM_ROW1 -1.2582798092353187e-07	1.0	-2.2351704487277857e-08
		*TM_ROW2 5.349285743250221e-07	2.2351770212480915e-08	1.0
		*TM_ROW3 0.14369693398475647	6.203873634338379	0.6088972091674805
		*TM_POS 0.14369693398475647	6.203873634338379	0.6088972091674805
		*TM_ROTAXIS 0.0	0.0	1.0
		*TM_ROTANGLE 0.0
		*TM_SCALE 1	1	1
		*TM_SCALEAXIS 0	0	0
		*TM_SCALEAXISANG 0	0	0
	}
}
*HELPEROBJECT {
	*NODE_NAME "Bip01 Pelvis"
	*NODE_PARENT "Bip01"
	*NODE_TM {
		*NODE_NAME "Bip01 Pelvis"
		*TM_ROW0 -0.02241753414273262	0.10811338573694229	0.9938122630119324
		*TM_ROW1 0.024620937183499336	-0.9936308264732361	0.108658567070961
		*TM_ROW2 0.9993723630905151	0.02691413275897503	0.019758358597755432
		*TM_ROW3 -0.1441659927368164	7.799953937530518	100.44596099853516
		*TM_POS -0.1441659927368164	7.799953937530518	100.44596099853516
		*TM_ROTAXIS -0.698771595954895	-0.04752913862466812	-0.713714063167572
		*TM_ROTANGLE 3.083067721047515
		*TM_SCALE 1	1	1
		*TM_SCALEAXIS 0	0	0
		*TM_SCALEAXISANG 0	0	0
	}
}
*HELPEROBJECT {
	*NODE_NAME "Bip01 Spine"
	*NODE_PARENT "Bip01 Pelvis"
	*NODE_TM {
		*NODE_NAME "Bip01 Spine"
		*TM_ROW0 0.01117000076919794	-0.008262529037892818	0.9991654753684998
		*TM_ROW1 0.019583873450756073	-0.9982802867889404	-0.008465690538287163
		*TM_ROW2 0.9990077018737793	0.019670451059937477	-0.00951375998556614
		*TM_ROW3 -0.15278200805187225	8.149333953857422	102.82330322265625
		*TM_POS -0.15278200805187225	8.149333953857422	102.82330322265625
		*TM_ROTAXIS 0.710486114025116	0.00398405222222209	0.7031697034835815
		*TM_ROTANGLE 3.1217907319215445
		*TM_SCALE 1	1	1
		*TM_SCALEAXIS 0	0	0
		*TM_SCALEAXISANG 0	0	0
	}
}
*HELPEROBJECT {
	*NODE_NAME "Bip01 Spine1"
	*NODE_PARENT "Bip01 Spine"
	*NODE_TM {
		*NODE_NAME "Bip01 Spine1"
		*TM_ROW0 0.01282988116145134	-0.0033963306341320276	0.9988877773284912
		*TM_ROW1 0.017509575933218002	-0.9977663159370422	-0.003602763870730996
		*TM_ROW2 0.9987400770187378	0.017550786957144737	-0.010694770142436028
		*TM_ROW3 -0.0503929927945137	8.078351974487305	112.64966583251953
		*TM_POS -0.0503929927945137	8.078351974487305	112.64966583251953
		*TM_ROTAXIS 0.7108802199363708	0.0049635739997029305	0.7025579810142517
		*TM_ROTANGLE 3.1267136840991356
		*TM_SCALE 1	1	1
		*TM_SCALEAXIS 0	0	0
		*TM_SCALEAXISANG 0	0	0
	}
}
*HELPEROBJECT {
	*NODE_NAME "Bip01 Spine2"
	*NODE_PARENT "Bip01 Spine1"
	*NODE_TM {
		*NODE_NAME "Bip01 Spine2"
		*TM_ROW0 0.011565882712602615	0.15612544119358063	0.9876420497894287
		*TM_ROW1 0.010666250251233578	-0.9876433610916138	0.1560053676366806
		*TM_ROW2 0.9998490810394287	0.008734622970223427	-0.013034313917160034
		*TM_ROW3 0.100428007543087	8.058584213256836	125.43476867675781
		*TM_POS 0.100428007543087	8.058584213256836	125.43476867675781
		*TM_ROTAXIS -0.7102254033088684	-0.058869458734989166	-0.7014889717102051
		*TM_ROTANGLE 3.037727117091137
		*TM_SCALE 1	1	1
		*TM_SCALEAXIS 0	0	0
		*TM_SCALEAXISANG 0	0	0
	}
}
*HELPEROBJECT {
	*NODE_NAME "Bip01 Neck"
	*NODE_PARENT "Bip01 Spine2"
	*NODE_TM {
		*NODE_NAME "Bip01 Neck"
		*TM_ROW0 0.014502516947686672	-0.19110003113746643	0.9814518690109253
		*TM_ROW1 0.006079687271267176	-0.9815083742141724	-0.1912030577659607
		*TM_ROW2 0.9998649954795837	0.008737742900848389	-0.013049988076090813
		*TM_ROW3 0.44637396931648254	12.745264053344727	155.0501251220703
		*TM_POS 0.44637396931648254	12.745264053344727	155.0501251220703
		*TM_ROTAXIS 0.7104760408401489	-0.06542983651161194	0.700664758682251
		*TM_ROTANGLE 3.0004151162706427
		*TM_SCALE 1	1	1
		*TM_SCALEAXIS 0	0	0
		*TM_SCALEAXISANG 0	0	0
	}
}
*HELPEROBJECT {
	*NODE_NAME "Bip01 Head"
	*NODE_PARENT "Bip01 Neck"
	*NODE_TM {
		*NODE_NAME "Bip01 Head"
		*TM_ROW0 -0.016378972679376602	-0.13685224950313568	0.9904115200042725
		*TM_ROW1 -0.04058915376663208	-0.9895938634872437	-0.13741828501224518
		*TM_ROW2 0.9989975094795227	-0.04245854169130325	0.010741348378360271
		*TM_ROW3 0.5454919934272766	11.438283920288086	161.7625732421875
		*TM_POS 0.5454919934272766	11.438283920288086	161.7625732421875
		*TM_ROTAXIS 0.7008442282676697	-0.06336838752031326	0.7104634642601013
		*TM_ROTANGLE 3.0737940384115148
		*TM_SCALE 1	1	1
		*TM_SCALEAXIS 0	0	0
		*TM_SCALEAXISANG 0	0	0
	}
}
*HELPEROBJECT {
	*NODE_NAME "Bip01 L Clavicle"
	*NODE_PARENT "Bip01 Neck"
	*NODE_TM {
		*NODE_NAME "Bip01 L Clavicle"
		*TM_ROW0 0.9644340872764587	0.0548008568584919	-0.25858038663864136
		*TM_ROW1 -0.09743703156709671	0.9830869436264038	-0.15506815910339355
		*TM_ROW2 0.2457091212272644	0.17474831640720367	0.9534621238708496
		*TM_ROW3 8.3211030960083	14.412912368774414	149.2584686279297
		*TM_POS 8.3211030960083	14.412912368774414	149.2584686279297
		*TM_ROTAXIS 0.5306775569915771	-0.8114061951637268	-0.24495208263397217
		*TM_ROTANGLE 0.31598235630958293
		*TM_SCALE 1	1	1
		*TM_SCALEAXIS 0	0	0
		*TM_SCALEAXISANG 0	0	0
	}
}
*HELPEROBJECT {
	*NODE_NAME "Bip01 L UpperArm"
	*NODE_PARENT "Bip01 L Clavicle"
	*NODE_TM {
		*NODE_NAME "Bip01 L UpperArm"
		*TM_ROW0 0.11129003018140793	-0.03423114866018295	-0.9931982159614563
		*TM_ROW1 0.33484193682670593	0.9422608017921448	0.005044206976890564
		*TM_ROW2 0.9356791377067566	-0.3331257998943329	0.11632625758647919
		*TM_ROW3 21.17316246032715	15.143184661865234	145.8126220703125
		*TM_POS 21.17316246032715	15.143184661865234	145.8126220703125
		*TM_ROTAXIS -0.16969825327396393	-0.967936635017395	0.1852058470249176
		*TM_ROTANGLE 1.4857553205526581
		*TM_SCALE 1	1	1
		*TM_SCALEAXIS 0	0	0
		*TM_SCALEAXISANG 0	0	0
	}
}
*HELPEROBJECT {
	*NODE_NAME "Bip01 L Forearm"
	*NODE_PARENT "Bip01 L UpperArm"
	*NODE_TM {
		*NODE_NAME "Bip01 L Forearm"
		*TM_ROW0 -0.03627895936369896	-0.4187518358230591	-0.9073757529258728
		*TM_ROW1 0.3509823679924011	0.8447922468185425	-0.4039027690887451
		*TM_ROW2 0.935679018497467	-0.333126038312912	0.11632632464170456
		*TM_ROW3 24.278846740722656	14.1879301071167	118.09620666503906
		*TM_POS 24.278846740722656	14.1879301071167	118.09620666503906
		*TM_ROTAXIS 0.03541337698698044	-0.9221788048744202	0.3851391673088074
		*TM_ROTANGLE 1.608385340217762
		*TM_SCALE 1	1	1
		*TM_SCALEAXIS 0	0	0
		*TM_SCALEAXISANG 0	0	0
	}
}
*HELPEROBJECT {
	*NODE_NAME "Bip01 L Hand"
	*NODE_PARENT "Bip01 L Forearm"
	*NODE_TM {
		*NODE_NAME "Bip01 L Hand"
		*TM_ROW0 -0.11492577940225601	-0.4797009825706482	-0.8698731064796448
		*TM_ROW1 -0.936278760433197	0.34490522742271423	-0.06650274246931076
		*TM_ROW2 0.33192527294158936	0.8068007826805115	-0.48877236247062683
		*TM_ROW3 23.269697189331055	2.539794921875	92.85636901855469
		*TM_POS 23.269697189331055	2.539794921875	92.85636901855469
		*TM_ROTAXIS 0.5619102716445923	-0.7732739448547363	-0.29377612471580505
		*TM_ROTANGLE 2.251572371477552
		*TM_SCALE 1	1	1
		*TM_SCALEAXIS 0	0	0
		*TM_SCALEAXISANG 0	0	0
	}
}
*HELPEROBJECT {
	*NODE_NAME "Bip01 L Finger0"
	*NODE_PARENT "Bip01 L Hand"
	*NODE_TM {
		*NODE_NAME "Bip01 L Finger0"
		*TM_ROW0 -0.11492587625980377	-0.47970086336135864	-0.8698731064796448
		*TM_ROW1 -0.9365429282188416	0.3442622423171997	-0.06611301749944687
		*TM_ROW2 0.3311789631843567	0.8070753812789917	-0.48882508277893066
		*TM_ROW3 21.79061508178711	-3.6338891983032227	81.66123962402344
		*TM_POS 21.79061508178711	-3.6338891983032227	81.66123962402344
		*TM_ROTAXIS 0.5620401501655579	-0.7730742692947388	-0.2940528988838196
		*TM_ROTANGLE 2.2520203023053718
		*TM_SCALE 1	1	1
		*TM_SCALEAXIS 0	0	0
		*TM_SCALEAXISANG 0	0	0
	}
}
*HELPEROBJECT {
	*NODE_NAME "Bip01 R Clavicle"
	*NODE_PARENT "Bip01 Neck"
	*NODE_TM {
		*NODE_NAME "Bip01 R Clavicle"
		*TM_ROW0 -0.9627628326416016	0.06130420044064522	-0.2633000910282135
		*TM_ROW1 0.10552818328142166	0.9819044470787048	-0.15724968910217285
		*TM_ROW2 0.24889543652534485	-0.17917995154857635	-0.951810359954834
		*TM_ROW3 -7.6048994064331055	14.273713111877441	149.46652221679688
		*TM_POS -7.6048994064331055	14.273713111877441	149.46652221679688
		*TM_ROTAXIS -0.04261872172355652	-0.9953876733779907	0.08594375848770142
		*TM_ROTANGLE 2.8813816723037773
		*TM_SCALE 1	1	1
		*TM_SCALEAXIS 0	0	0
		*TM_SCALEAXISANG 0	0	0
	}
}
*HELPEROBJECT {
	*NODE_NAME "Bip01 R UpperArm"
	*NODE_PARENT "Bip01 R Clavicle"
	*NODE_TM {
		*NODE_NAME "Bip01 R UpperArm"
		*TM_ROW0 -0.16060298681259155	-0.09321818500757217	-0.9826072454452515
		*TM_ROW1 -0.49957475066185	0.8662706017494202	-0.0005281443591229618
		*TM_ROW2 0.8512529730796814	0.4908009469509125	-0.1856950968503952
		*TM_ROW3 -20.434696197509766	15.090648651123047	145.95779418945312
		*TM_POS -20.434696197509766	15.090648651123047	145.95779418945312
		*TM_ROTAXIS 0.2530616819858551	-0.944539487361908	-0.2092961221933365
		*TM_ROTANGLE 1.813176388480323
		*TM_SCALE 1	1	1
		*TM_SCALEAXIS 0	0	0
		*TM_SCALEAXISANG 0	0	0
	}
}
*HELPEROBJECT {
	*NODE_NAME "Bip01 R Forearm"
	*NODE_PARENT "Bip01 R UpperArm"
	*NODE_TM {
		*NODE_NAME "Bip01 R Forearm"
		*TM_ROW0 -0.03216787800192833	-0.304397851228714	-0.9520016312599182
		*TM_ROW1 -0.5237681269645691	0.8163679242134094	-0.24333162605762482
		*TM_ROW2 0.8512532114982605	0.490800678730011	-0.18569472432136536
		*TM_ROW3 -24.9165096282959	12.489296913146973	118.53692626953125
		*TM_POS -24.9165096282959	12.489296913146973	118.53692626953125
		*TM_ROTAXIS 0.37469378113746643	-0.9203632473945618	-0.1119644045829773
		*TM_ROTANGLE 1.7729171535630162
		*TM_SCALE 1	1	1
		*TM_SCALEAXIS 0	0	0
		*TM_SCALEAXISANG 0	0	0
	}
}
*HELPEROBJECT {
	*NODE_NAME "Bip01 R Hand"
	*NODE_PARENT "Bip01 R Forearm"
	*NODE_TM {
		*NODE_NAME "Bip01 R Hand"
		*TM_ROW0 0.08107081800699234	-0.39125582575798035	-0.9167041182518005
		*TM_ROW1 0.8546580672264099	0.5005055069923401	-0.13803565502166748
		*TM_ROW2 0.5128227472305298	-0.7722778916358948	0.3749663233757019
		*TM_ROW3 -25.811294555664062	4.022061824798584	92.0557632446289
		*TM_POS -25.811294555664062	4.022061824798584	92.0557632446289
		*TM_ROTAXIS -0.3171960115432739	-0.7149322032928467	0.6231040358543396
		*TM_ROTANGLE 1.5925266494900538
		*TM_SCALE 1	1	1
		*TM_SCALEAXIS 0	0	0
		*TM_SCALEAXISANG 0	0	0
	}
}
*HELPEROBJECT {
	*NODE_NAME "Bip01 R Finger0"
	*NODE_PARENT "Bip01 R Hand"
	*NODE_TM {
		*NODE_NAME "Bip01 R Finger0"
		*TM_ROW0 0.08107082545757294	-0.39125579595565796	-0.9167041182518005
		*TM_ROW1 0.8550662398338318	0.4998902976512909	-0.1377369612455368
		*TM_ROW2 0.5121418833732605	-0.7726762890815735	0.3750761151313782
		*TM_ROW3 -24.767915725708008	-1.0133411884307861	80.2579116821289
		*TM_POS -24.767915725708008	-1.0133411884307861	80.2579116821289
		*TM_ROTAXIS -0.31754636764526367	-0.7145956754684448	0.6233116388320923
		*TM_ROTANGLE 1.592779429894719
		*TM_SCALE 1	1	1
		*TM_SCALEAXIS 0	0	0
		*TM_SCALEAXISANG 0	0	0
	}
}
*HELPEROBJECT {
	*NODE_NAME "Bip01 L Thigh"
	*NODE_PARENT "Bip01 Spine"
	*NODE_TM {
		*NODE_NAME "Bip01 L Thigh"
		*TM_ROW0 0.11149025708436966	-0.023368827998638153	-0.9940600395202637
		*TM_ROW1 0.05435086041688919	-0.9993575215339661	0.029609009623527527
		*TM_ROW2 -0.9928480982780457	-0.057311493903398514	-0.11127972602844238
		*TM_ROW3 8.861039161682129	8.042479515075684	100.62334442138672
		*TM_POS 8.861039161682129	8.042479515075684	100.62334442138672
		*TM_ROTAXIS -0.7456570863723755	-0.010396329686045647	0.6667268872261047
		*TM_ROTANGLE 3.083275100567631
		*TM_SCALE 1	1	1
		*TM_SCALEAXIS 0	0	0
		*TM_SCALEAXISANG 0	0	0
	}
}
*HELPEROBJECT {
	*NODE_NAME "Bip01 L Calf"
	*NODE_PARENT "Bip01 L Thigh"
	*NODE_TM {
		*NODE_NAME "Bip01 L Calf"
		*TM_ROW0 0.09648016840219498	0.20620520412921906	-0.9740545153617859
		*TM_ROW1 0.07866942882537842	-0.9775118231773376	-0.19904600083827972
		*TM_ROW2 -0.992529034614563	-0.05733760446310043	-0.11113113909959793
		*TM_ROW3 13.274283409118652	7.122771263122559	61.537635803222656
		*TM_POS 13.274283409118652	7.122771263122559	61.537635803222656
		*TM_ROTAXIS 0.739958643913269	0.09646844863891602	-0.665953516960144
		*TM_ROTANGLE 3.045691452156804
		*TM_SCALE 1	1	1
		*TM_SCALEAXIS 0	0	0
		*TM_SCALEAXISANG 0	0	0
	}
}
*HELPEROBJECT {
	*NODE_NAME "Bip01 L Foot"
	*NODE_PARENT "Bip01 L Calf"
	*NODE_TM {
		*NODE_NAME "Bip01 L Foot"
		*TM_ROW0 -0.0014255810528993607	0.04674892500042915	-0.99864661693573
		*TM_ROW1 0.13977137207984924	-0.9885706305503845	-0.0465250238776207
		*TM_ROW2 -0.9899214506149292	-0.1396966427564621	-0.004611934069544077
		*TM_ROW3 18.02285385131836	17.24456214904785	13.729890823364258
		*TM_POS 18.02285385131836	17.24456214904785	13.729890823364258
		*TM_ROTAXIS -0.7060328722000122	-0.06611723452806473	0.7049024701118469
		*TM_ROTANGLE 3.0755621857757434
		*TM_SCALE 1	1	1
		*TM_SCALEAXIS 0	0	0
		*TM_SCALEAXISANG 0	0	0
	}
}
*HELPEROBJECT {
	*NODE_NAME "Bip01 L Toe0"
	*NODE_PARENT "Bip01 L Foot"
	*NODE_TM {
		*NODE_NAME "Bip01 L Toe0"
		*TM_ROW0 0.13979732990264893	-0.9890828132629395	-0.04654645919799805
		*TM_ROW1 0.0016218769596889615	-0.046776145696640015	0.998900830745697
		*TM_ROW2 -0.9901760816574097	-0.1397164762020111	-0.0049321954138576984
		*TM_ROW3 21.16795539855957	-4.561394691467285	0.06293654441833496
		*TM_POS 21.16795539855957	-4.561394691467285	0.06293654441833496
		*TM_ROTAXIS -0.6396730542182922	0.5301293730735779	0.5565760731697083
		*TM_ROTANGLE 2.0442488598490347
		*TM_SCALE 1	1	1
		*TM_SCALEAXIS 0	0	0
		*TM_SCALEAXISANG 0	0	0
	}
}
*HELPEROBJECT {
	*NODE_NAME "Bip01 R Thigh"
	*NODE_PARENT "Bip01 Spine"
	*NODE_TM {
		*NODE_NAME "Bip01 R Thigh"
		*TM_ROW0 -0.1261274665594101	0.029124494642019272	-0.9917062520980835
		*TM_ROW1 -0.07320159673690796	-0.9973282217979431	-0.019984345883131027
		*TM_ROW2 -0.9894296526908875	0.07006862014532089	0.12768492102622986
		*TM_ROW3 -9.149372100830078	7.5574235916137695	100.2685775756836
		*TM_POS -9.149372100830078	7.5574235916137695	100.2685775756836
		*TM_ROTAXIS 0.6605954766273499	-0.01670023985207081	-0.7506266236305237
		*TM_ROTANGLE 3.073379320855225
		*TM_SCALE 1	1	1
		*TM_SCALEAXIS 0	0	0
		*TM_SCALEAXISANG 0	0	0
	}
}
*HELPEROBJECT {
	*NODE_NAME "Bip01 R Calf"
	*NODE_PARENT "Bip01 R Thigh"
	*NODE_TM {
		*NODE_NAME "Bip01 R Calf"
		*TM_ROW0 -0.1139615923166275	0.17461960017681122	-0.9780322909355164
		*TM_ROW1 -0.09083709120750427	-0.9821639060974121	-0.16477178037166595
		*TM_ROW2 -0.9893370866775513	0.07006508111953735	0.1277645081281662
		*TM_ROW3 -14.107004165649414	8.703417778015137	61.2541618347168
		*TM_POS -14.107004165649414	8.703417778015137	61.2541618347168
		*TM_ROTAXIS 0.6622565388679504	0.031880203634500504	-0.7486066222190857
		*TM_ROTANGLE 2.9633498205078506
		*TM_SCALE 1	1	1
		*TM_SCALEAXIS 0	0	0
		*TM_SCALEAXISANG 0	0	0
	}
}
*HELPEROBJECT {
	*NODE_NAME "Bip01 R Foot"
	*NODE_PARENT "Bip01 R Calf"
	*NODE_TM {
		*NODE_NAME "Bip01 R Foot"
		*TM_ROW0 -0.018417317420244217	0.02868802845478058	-0.9994439482688904
		*TM_ROW1 -0.08975929021835327	-0.9956490397453308	-0.026926567777991295
		*TM_ROW2 -0.9958184957504272	0.08921192586421967	0.020861821249127388
		*TM_ROW3 -19.70151138305664	17.27681541442871	13.235628128051758
		*TM_POS -19.70151138305664	17.27681541442871	13.235628128051758
		*TM_ROTAXIS 0.6999549865722656	-0.021850230172276497	-0.7138700485229492
		*TM_ROTANGLE 3.0585357882932462
		*TM_SCALE 1	1	1
		*TM_SCALEAXIS 0	0	0
		*TM_SCALEAXISANG 0	0	0
	}
}
*HELPEROBJECT {
	*NODE_NAME "Bip01 R Toe0"
	*NODE_PARENT "Bip01 R Foot"
	*NODE_TM {
		*NODE_NAME "Bip01 R Toe0"
		*TM_ROW0 -0.089759461581707	-0.9955997467041016	-0.026927275583148003
		*TM_ROW1 0.01838870160281658	-0.028688736259937286	0.9994195699691772
		*TM_ROW2 -0.9957940578460693	0.08921187371015549	0.020882532000541687
		*TM_ROW3 -21.966201782226562	-4.905124187469482	0.006498396396636963
		*TM_POS -21.966201782226562	-4.905124187469482	0.006498396396636963
		*TM_ROTAXIS -0.5444051623344421	0.5794897675514221	0.6064775586128235
		*TM_ROTANGLE 2.151703149364849
		*TM_SCALE 1	1	1
		*TM_SCALEAXIS 0	0	0
		*TM_SCALEAXISANG 0	0	0
	}
}
*GEOMOBJECT {
	*NODE_NAME "zm_body"
	*NODE_PARENT "Bip01"
	*NODE_TM {
		*NODE_NAME "zm_body"
		*TM_ROW0 1.148377918980259e-06	1.1371417316888982e-19	1.0
		*TM_ROW1 3.0120188512228196e-06	-1.0	-3.458944719189616e-12
		*TM_ROW2 1.0	3.0120188512228196e-06	-1.1483838306958205e-06
		*TM_ROW3 0.0	1.4560819864273071	83.81328582763672
		*TM_POS 0.0	1.4560819864273071	83.81328582763672
		*TM_ROTAXIS 0.7071071863174438	1.064908815351373e-06	0.707106351852417
		*TM_ROTANGLE 3.1415905237696156
		*TM_SCALE 1	1	1
		*TM_SCALEAXIS 0	0	0
		*TM_SCALEAXISANG 0	0	0
	}
	*MATERIAL_REF 0
	*MESH_SOFTSKIN {
		*TIMEVALUE 0
		*MESH_NUMVERTEX 621
		*MESH_NUMFACES 1220
		*MESH_VERTEX_LIST {
			*MESH_VERTEX 0	1.1004356145858765	24.861038208007812	138.8935089111328
			*MESH_VERTEX 1	0.3495368957519531	-4.29290771484375	140.1599578857422
			*MESH_VERTEX 2	0.3133392632007599	-7.184586048126221	126.30543518066406
			*MESH_VERTEX 3	13.282927513122559	22.28642463684082	128.38682556152344
			*MESH_VERTEX 4	19.781034469604492	9.399680137634277	123.33494567871094
			*MESH_VERTEX 5	12.704449653625488	-3.366204261779785	128.5790557861328
			*MESH_VERTEX 6	-0.1462402045726776	24.062686920166016	126.27774810791016
			*MESH_VERTEX 7	18.708919525146484	9.24317741394043	116.11927795410156
			*MESH_VERTEX 8	-12.75788688659668	-3.3539512157440186	140.4542694091797
			*MESH_VERTEX 9	-19.227556228637695	4.707026481628418	153.05357360839844
			*MESH_VERTEX 10	-9.177167892456055	18.96432113647461	156.94003295898438
			*MESH_VERTEX 11	-9.356589317321777	7.374610900878906	155.6833953857422
			*MESH_VERTEX 12	-9.609636306762695	12.151111602783203	158.6548309326172
			*MESH_VERTEX 13	-5.093641757965088	-0.12030133605003357	148.8019256591797
			*MESH_VERTEX 14	-19.368471145629883	12.322198867797852	155.20033264160156
			*MESH_VERTEX 15	-18.853227615356445	21.20438575744629	153.1116180419922
			*MESH_VERTEX 16	6.803787708282471	-6.314406394958496	134.00375366210938
			*MESH_VERTEX 17	11.43510913848877	-3.2299864292144775	117.84795379638672
			*MESH_VERTEX 18	-5.839817047119141	23.243680953979492	150.9072265625
			*MESH_VERTEX 19	-9.255049705505371	25.430320739746094	139.33563232421875
			*MESH_VERTEX 20	12.341143608093262	20.372915267944336	117.97720336914062
			*MESH_VERTEX 21	1.3490498065948486	26.183752059936523	138.9075164794922
			*MESH_VERTEX 22	0.11529144644737244	-5.286651611328125	141.32444763183594
			*MESH_VERTEX 23	1.0112760066986084	-8.273378372192383	126.29014587402344
			*MESH_VERTEX 24	13.403254508972168	23.209022521972656	128.34280395507812
			*MESH_VERTEX 25	21.815099716186523	9.470574378967285	122.61227416992188
			*MESH_VERTEX 26	13.969856262207031	-4.423409461975098	128.14796447753906
			*MESH_VERTEX 27	0.4109351933002472	25.126066207885742	125.59693145751953
			*MESH_VERTEX 28	19.551008224487305	9.277019500732422	114.08338928222656
			*MESH_VERTEX 29	-12.820337295532227	-4.0963921546936035	141.10781860351562
			*MESH_VERTEX 30	-18.889156341552734	3.701620578765869	152.73733520507812
			*MESH_VERTEX 31	-9.607555389404297	19.821659088134766	158.2967529296875
			*MESH_VERTEX 32	-9.311334609985352	3.987635612487793	156.99517822265625
			*MESH_VERTEX 33	-10.033833503723145	12.463248252868652	160.07118225097656
			*MESH_VERTEX 34	-5.2925004959106445	-1.4534224271774292	148.66957092285156
			*MESH_VERTEX 35	-19.94975471496582	12.5546293258667	156.61410522460938
			*MESH_VERTEX 36	-19.222158432006836	22.162782669067383	154.27410888671875
			*MESH_VERTEX 37	7.773595333099365	-7.223705291748047	134.30865478515625
			*MESH_VERTEX 38	12.578485488891602	-4.012752532958984	117.53840637207031
			*MESH_VERTEX 39	-6.342396259307861	24.26796531677246	151.92103576660156
			*MESH_VERTEX 40	-9.25261116027832	26.557207107543945	139.16748046875
			*MESH_VERTEX 41	12.788471221923828	21.95039176940918	117.49458312988281
			*MESH_VERTEX 42	-7.6841020584106445	-6.9673051834106445	133.20362854003906
			*MESH_VERTEX 43	-7.40585994720459	-7.831482410430908	133.6084442138672
			*MESH_VERTEX 44	-0.13502392172813416	7.797829627990723	85.05874633789062
			*MESH_VERTEX 45	-0.5888599753379822	22.725698471069336	93.71170043945312
			*MESH_VERTEX 46	-0.6891607046127319	25.31479263305664	103.13237762451172
			*MESH_VERTEX 47	0.2039099782705307	-7.138453483581543	93.32892608642578
			*MESH_VERTEX 48	0.17861761152744293	-6.849345684051514	106.42431640625
			*MESH_VERTEX 49	-0.4383532404899597	22.011587142944336	108.50204467773438
			*MESH_VERTEX 50	-10.334396362304688	-6.11397123336792	55.571197509765625
			*MESH_VERTEX 51	-20.222253799438477	-6.2137675285339355	56.44440460205078
			*MESH_VERTEX 52	-6.575849533081055	16.374813079833984	43.693687438964844
			*MESH_VERTEX 53	-9.696714401245117	14.027571678161621	26.52410316467285
			*MESH_VERTEX 54	-23.43058967590332	14.217528343200684	27.986404418945312
			*MESH_VERTEX 55	-23.372777938842773	15.861087799072266	45.59394454956055
			*MESH_VERTEX 56	-14.027121543884277	22.01587677001953	27.05051612854004
			*MESH_VERTEX 57	-15.242728233337402	20.783740997314453	45.846370697021484
			*MESH_VERTEX 58	-16.940004348754883	4.96531867980957	26.290664672851562
			*MESH_VERTEX 59	-24.373249053955078	9.431835174560547	44.89368438720703
			*MESH_VERTEX 60	-6.402868747711182	9.762933731079102	41.77685546875
			*MESH_VERTEX 61	-26.651302337646484	6.726829528808594	84.23310089111328
			*MESH_VERTEX 62	-14.00246810913086	20.719356536865234	81.84588623046875
			*MESH_VERTEX 63	-6.766042709350586	-9.284762382507324	85.91840362548828
			*MESH_VERTEX 64	-15.313323974609375	-7.685784816741943	84.92073059082031
			*MESH_VERTEX 65	-3.275735378265381	16.508737564086914	82.18655395507812
			*MESH_VERTEX 66	-24.622697830200195	6.583981990814209	60.15694046020508
			*MESH_VERTEX 67	-19.630430221557617	19.245624542236328	61.54301071166992
			*MESH_VERTEX 68	-7.911628723144531	19.568405151367188	60.45266342163086
			*MESH_VERTEX 69	-1.3812339305877686	5.7138590812683105	57.54251480102539
			*MESH_VERTEX 70	-8.889616012573242	-9.618795394897461	61.74034881591797
			*MESH_VERTEX 71	-19.0192928314209	-9.751957893371582	62.80306625366211
			*MESH_VERTEX 72	-13.035615921020508	-4.279903411865234	41.09376525878906
			*MESH_VERTEX 73	-19.035438537597656	-5.221647262573242	42.43913269042969
			*MESH_VERTEX 74	-18.729562759399414	21.92609405517578	27.523818969726562
			*MESH_VERTEX 75	-8.763749122619629	-8.261957168579102	97.09639739990234
			*MESH_VERTEX 76	-22.896211624145508	8.072003364562988	96.39484405517578
			*MESH_VERTEX 77	-10.887443542480469	21.55817985534668	104.11859893798828
			*MESH_VERTEX 78	-1.2479392290115356	-6.4947710037231445	92.00868225097656
			*MESH_VERTEX 79	-4.251889705657959	21.258249282836914	90.91590881347656
			*MESH_VERTEX 80	-10.090775489807129	24.29368782043457	95.03340911865234
			*MESH_VERTEX 81	-3.5573997497558594	17.337793350219727	44.60810852050781
			*MESH_VERTEX 82	-7.149204730987549	15.533478736877441	22.909692764282227
			*MESH_VERTEX 83	-25.816267013549805	15.324590682983398	24.534839630126953
			*MESH_VERTEX 84	-26.009765625	16.77170753479004	46.25897979736328
			*MESH_VERTEX 85	-12.187904357910156	25.27727508544922	26.880428314208984
			*MESH_VERTEX 86	-15.37804889678955	24.333499908447266	47.363258361816406
			*MESH_VERTEX 87	-20.459383010864258	2.252657651901245	25.776683807373047
			*MESH_VERTEX 88	-27.284929275512695	9.013504028320312	45.495418548583984
			*MESH_VERTEX 89	-3.27524995803833	9.316459655761719	43.05089569091797
			*MESH_VERTEX 90	-12.775029182434082	2.37229585647583	25.269899368286133
			*MESH_VERTEX 91	-12.353754997253418	-1.7955360412597656	41.12846755981445
			*MESH_VERTEX 92	-20.03850555419922	-2.69130802154541	42.142784118652344
			*MESH_VERTEX 93	-21.853864669799805	25.114288330078125	27.542686462402344
			*MESH_VERTEX 94	-10.958507537841797	16.24127197265625	21.878564834594727
			*MESH_VERTEX 95	-23.756690979003906	15.786298751831055	22.47361183166504
			*MESH_VERTEX 96	-15.851977348327637	22.94023895263672	23.32610511779785
			*MESH_VERTEX 97	-18.139297485351562	6.544738292694092	21.879545211791992
			*MESH_VERTEX 98	-10.798583984375	17.18220329284668	15.813743591308594
			*MESH_VERTEX 99	-25.082138061523438	16.17210578918457	15.941052436828613
			*MESH_VERTEX 100	-17.794572830200195	25.75751304626465	19.641510009765625
			*MESH_VERTEX 101	-18.538402557373047	6.1763715744018555	17.357959747314453
			*MESH_VERTEX 102	-10.509620666503906	17.211862564086914	9.738576889038086
			*MESH_VERTEX 103	-25.946983337402344	17.044265747070312	10.15297794342041
			*MESH_VERTEX 104	-16.92253303527832	26.89933204650879	10.903830528259277
			*MESH_VERTEX 105	-19.230037689208984	6.130214214324951	12.716065406799316
			*MESH_VERTEX 106	-14.956185340881348	2.6766765117645264	8.340620040893555
			*MESH_VERTEX 107	-23.414260864257812	-7.136621952056885	5.4161696434021
			*MESH_VERTEX 108	-18.360422134399414	-8.79757308959961	0.8349748253822327
			*MESH_VERTEX 109	-24.470735549926758	-5.985640525817871	-0.453569233417511
			*MESH_VERTEX 110	-24.214468002319336	2.8227243423461914	8.607569694519043
			*MESH_VERTEX 111	-25.22342872619629	23.103015899658203	1.0580888986587524
			*MESH_VERTEX 112	-10.90325927734375	22.928253173828125	0.8899098038673401
			*MESH_VERTEX 113	-14.089064598083496	-5.844507217407227	-0.48000985383987427
			*MESH_VERTEX 114	-26.306718826293945	3.811663866043091	0.21007102727890015
			*MESH_VERTEX 115	-16.533466339111328	25.49275779724121	1.4810513257980347
			*MESH_VERTEX 116	-11.978265762329102	3.9147756099700928	-0.060026004910469055
			*MESH_VERTEX 117	-19.609134674072266	23.217092514038086	24.026243209838867
			*MESH_VERTEX 118	-16.036697387695312	-6.8459296226501465	5.171788215637207
			*MESH_VERTEX 119	0.12317916750907898	4.2764458656311035	80.63957214355469
			*MESH_VERTEX 120	-18.260822296142578	8.970355033874512	108.74445343017578
			*MESH_VERTEX 121	-11.703983306884766	-3.59065580368042	109.01557159423828
			*MESH_VERTEX 122	-11.590580940246582	18.993791580200195	109.0307846069336
			*MESH_VERTEX 123	-10.696338653564453	-6.652770042419434	46.93012237548828
			*MESH_VERTEX 124	-21.28877830505371	-6.926074028015137	46.88274383544922
			*MESH_VERTEX 125	-1.5634108781814575	8.197449684143066	46.60200119018555
			*MESH_VERTEX 126	-27.9229679107666	8.428261756896973	48.61186981201172
			*MESH_VERTEX 127	-25.043899536132812	19.41848373413086	49.323280334472656
			*MESH_VERTEX 128	-4.196033000946045	20.316017150878906	48.47869110107422
			*MESH_VERTEX 129	-14.446178436279297	20.98708152770996	60.92035675048828
			*MESH_VERTEX 130	-14.982321739196777	24.44356918334961	49.326133728027344
			*MESH_VERTEX 131	-20.81560707092285	9.78924560546875	104.46381378173828
			*MESH_VERTEX 132	-10.950307846069336	-6.083770751953125	104.64012908935547
			*MESH_VERTEX 133	-3.8653454780578613	-7.823280334472656	101.94852447509766
			*MESH_VERTEX 134	0.2105354368686676	-8.12860107421875	107.282470703125
			*MESH_VERTEX 135	-0.4116983711719513	21.00253677368164	109.36741638183594
			*MESH_VERTEX 136	0.274723082780838	-9.078822135925293	113.16714477539062
			*MESH_VERTEX 137	-0.3526654541492462	20.811721801757812	114.90283966064453
			*MESH_VERTEX 138	0.472706139087677	3.860823154449463	151.0235595703125
			*MESH_VERTEX 139	0.6460021734237671	16.20025634765625	168.70037841796875
			*MESH_VERTEX 140	0.40988853573799133	5.679752826690674	162.3094482421875
			*MESH_VERTEX 141	0.3536486029624939	18.81479263305664	156.90908813476562
			*MESH_VERTEX 142	-0.3467293679714203	22.882009506225586	113.55018615722656
			*MESH_VERTEX 143	0.27777451276779175	23.502763748168945	149.4535675048828
			*MESH_VERTEX 144	0.48377180099487305	21.477073669433594	155.61717224121094
			*MESH_VERTEX 145	0.44636455178260803	21.806276321411133	161.09716796875
			*MESH_VERTEX 146	-17.425594329833984	8.849372863769531	109.47562408447266
			*MESH_VERTEX 147	-11.665908813476562	-4.467018127441406	108.73614501953125
			*MESH_VERTEX 148	-10.998194694519043	17.594436645507812	109.62844848632812
			*MESH_VERTEX 149	-17.25010871887207	8.455646514892578	114.7899398803711
			*MESH_VERTEX 150	-10.686628341674805	-5.724552154541016	114.48255920410156
			*MESH_VERTEX 151	-11.150205612182617	17.148027420043945	115.53641510009766
			*MESH_VERTEX 152	-22.471670150756836	3.3956189155578613	145.49496459960938
			*MESH_VERTEX 153	-25.333843231201172	21.261205673217773	150.8498992919922
			*MESH_VERTEX 154	-30.435911178588867	31.617033004760742	133.3596954345703
			*MESH_VERTEX 155	-28.241884231567383	10.25804615020752	150.2467803955078
			*MESH_VERTEX 156	-13.5589017868042	8.200697898864746	138.13636779785156
			*MESH_VERTEX 157	-11.535013198852539	19.637527465820312	135.19088745117188
			*MESH_VERTEX 158	-11.456794738769531	12.964761734008789	135.18858337402344
			*MESH_VERTEX 159	-6.50201416015625	11.014580726623535	155.11351013183594
			*MESH_VERTEX 160	-7.349810600280762	16.647716522216797	158.66412353515625
			*MESH_VERTEX 161	-13.972131729125977	22.95626449584961	139.74270629882812
			*MESH_VERTEX 162	-2.9262802600860596	15.215039253234863	168.05104064941406
			*MESH_VERTEX 163	-4.514024257659912	7.149295330047607	163.05670166015625
			*MESH_VERTEX 164	-6.050766468048096	10.45712661743164	165.1177978515625
			*MESH_VERTEX 165	-12.891011238098145	22.897602081298828	126.88632202148438
			*MESH_VERTEX 166	-18.925579071044922	8.865710258483887	125.66000366210938
			*MESH_VERTEX 167	-10.923869132995605	-4.59596586227417	127.66128540039062
			*MESH_VERTEX 168	-20.068281173706055	8.488163948059082	117.1930160522461
			*MESH_VERTEX 169	-13.025203704833984	20.501413345336914	114.50525665283203
			*MESH_VERTEX 170	-9.74160385131836	10.262523651123047	160.52423095703125
			*MESH_VERTEX 171	-8.520267486572266	18.666088104248047	162.14523315429688
			*MESH_VERTEX 172	-13.04464054107666	1.6887763738632202	130.27090454101562
			*MESH_VERTEX 173	-20.442049026489258	-0.8248198628425598	131.52999877929688
			*MESH_VERTEX 174	-37.214515686035156	24.73680877685547	135.78445434570312
			*MESH_VERTEX 175	-11.900069236755371	14.914156913757324	130.60455322265625
			*MESH_VERTEX 176	-27.305320739746094	-1.068139672279358	133.39535522460938
			*MESH_VERTEX 177	-35.468868255615234	6.784241676330566	135.02090454101562
			*MESH_VERTEX 178	-17.14236831665039	24.3361759185791	131.03390502929688
			*MESH_VERTEX 179	-21.975200653076172	24.52175521850586	139.52484130859375
			*MESH_VERTEX 180	-11.175712585449219	16.317853927612305	137.25648498535156
			*MESH_VERTEX 181	-28.403810501098633	11.297820091247559	141.62588500976562
			*MESH_VERTEX 182	-27.653385162353516	20.151329040527344	141.76937866210938
			*MESH_VERTEX 183	-24.37044906616211	6.957226753234863	140.41690063476562
			*MESH_VERTEX 184	-19.878210067749023	7.008738040924072	138.8743896484375
			*MESH_VERTEX 185	-13.98729419708252	9.193614959716797	137.55410766601562
			*MESH_VERTEX 186	-13.843738555908203	21.606847763061523	137.81851196289062
			*MESH_VERTEX 187	-15.1810941696167	23.86956787109375	142.1103515625
			*MESH_VERTEX 188	-15.198765754699707	3.8481805324554443	139.52963256835938
			*MESH_VERTEX 189	-11.638513565063477	-4.006255626678467	115.45172119140625
			*MESH_VERTEX 190	0.2510144114494324	-7.230947971343994	114.24842071533203
			*MESH_VERTEX 191	0.290962278842926	-6.57423210144043	124.45481872558594
			*MESH_VERTEX 192	-0.31905287504196167	25.010412216186523	116.6224594116211
			*MESH_VERTEX 193	-13.601472854614258	22.294416427612305	117.50009155273438
			*MESH_VERTEX 194	-0.2541183829307556	23.406930923461914	118.68580627441406
			*MESH_VERTEX 195	-12.82056999206543	21.116395950317383	120.00628662109375
			*MESH_VERTEX 196	-18.843177795410156	8.62783145904541	120.2684555053711
			*MESH_VERTEX 197	-13.131022453308105	-5.305844306945801	119.48314666748047
			*MESH_VERTEX 198	0.2879200279712677	-8.723287582397461	117.30786895751953
			*MESH_VERTEX 199	12.704451560974121	-3.366197347640991	128.57911682128906
			*MESH_VERTEX 200	18.708919525146484	9.24317741394043	116.11927795410156
			*MESH_VERTEX 201	6.803787708282471	-6.314406394958496	134.00375366210938
			*MESH_VERTEX 202	12.341143608093262	20.372915267944336	117.97720336914062
			*MESH_VERTEX 203	10.638837814331055	-5.943910121917725	55.97834777832031
			*MESH_VERTEX 204	20.521427154541016	-5.554964542388916	56.843231201171875
			*MESH_VERTEX 205	5.767001152038574	16.421972274780273	44.193031311035156
			*MESH_VERTEX 206	9.000492095947266	14.365447998046875	27.006057739257812
			*MESH_VERTEX 207	22.707942962646484	15.227100372314453	28.47474479675293
			*MESH_VERTEX 208	22.56878089904785	16.731689453125	46.09471130371094
			*MESH_VERTEX 209	12.928154945373535	22.55515480041504	27.596303939819336
			*MESH_VERTEX 210	14.203673362731934	21.241422653198242	46.380226135253906
			*MESH_VERTEX 211	16.685850143432617	5.676936626434326	26.70416259765625
			*MESH_VERTEX 212	23.888141632080078	10.365386009216309	45.34870529174805
			*MESH_VERTEX 213	5.923382759094238	9.823684692382812	42.228702545166016
			*MESH_VERTEX 214	26.405954360961914	8.53380012512207	84.56035614013672
			*MESH_VERTEX 215	12.453031539916992	21.226659774780273	82.07341003417969
			*MESH_VERTEX 216	7.3099470138549805	-9.03781509399414	86.49726104736328
			*MESH_VERTEX 217	15.77262020111084	-7.043542861938477	85.4583511352539
			*MESH_VERTEX 218	2.330911636352539	16.52533721923828	82.49436950683594
			*MESH_VERTEX 219	24.287160873413086	7.448915481567383	60.55229187011719
			*MESH_VERTEX 220	18.674728393554688	19.84630584716797	61.960391998291016
			*MESH_VERTEX 221	6.952548980712891	19.58979606628418	60.8795166015625
			*MESH_VERTEX 222	1.113675594329834	5.432788372039795	57.9526252746582
			*MESH_VERTEX 223	9.370362281799316	-9.507282257080078	62.1776237487793
			*MESH_VERTEX 224	19.498573303222656	-9.141011238098145	63.22503662109375
			*MESH_VERTEX 225	13.205390930175781	-2.517951250076294	39.518192291259766
			*MESH_VERTEX 226	19.244888305664062	-3.169764280319214	40.85820007324219
			*MESH_VERTEX 227	17.62925148010254	22.695724487304688	28.07054901123047
			*MESH_VERTEX 228	9.606063842773438	-7.825000762939453	97.83110809326172
			*MESH_VERTEX 229	22.585262298583984	9.31398868560791	97.0091781616211
			*MESH_VERTEX 230	8.897456169128418	23.155790328979492	103.9077377319336
			*MESH_VERTEX 231	2.1412086486816406	-6.656213760375977	92.49241638183594
			*MESH_VERTEX 232	3.3238749504089355	21.440032958984375	90.97577667236328
			*MESH_VERTEX 233	8.552069664001465	24.524444580078125	94.77801513671875
			*MESH_VERTEX 234	2.7044217586517334	17.226909637451172	45.112998962402344
			*MESH_VERTEX 235	6.381237506866455	15.771746635437012	23.401277542114258
			*MESH_VERTEX 236	25.035703659057617	16.47893524169922	25.030773162841797
			*MESH_VERTEX 237	25.157188415527344	17.767702102661133	46.766998291015625
			*MESH_VERTEX 238	10.928153991699219	25.720792770385742	27.459043502807617
			*MESH_VERTEX 239	14.162148475646973	24.782575607299805	47.9223518371582
			*MESH_VERTEX 240	20.335891723632812	3.1470389366149902	26.169658660888672
			*MESH_VERTEX 241	26.817100524902344	10.088285446166992	45.94828414916992
			*MESH_VERTEX 242	2.821976661682129	9.212753295898438	43.49858856201172
			*MESH_VERTEX 243	12.655089378356934	2.8879854679107666	25.661346435546875
			*MESH_VERTEX 244	12.394569396972656	0.15924479067325592	42.18434524536133
			*MESH_VERTEX 245	20.114416122436523	-0.3600471317768097	43.195186614990234
			*MESH_VERTEX 246	20.591176986694336	26.035249710083008	28.115188598632812
			*MESH_VERTEX 247	10.1506986618042	16.67624855041504	22.37626838684082
			*MESH_VERTEX 248	22.95580291748047	16.853927612304688	22.971269607543945
			*MESH_VERTEX 249	14.705060005187988	23.598979949951172	23.8780517578125
			*MESH_VERTEX 250	17.805063247680664	7.349602222442627	22.302284240722656
			*MESH_VERTEX 251	9.945929527282715	17.663841247558594	16.315608978271484
			*MESH_VERTEX 252	24.22100067138672	17.275928497314453	16.45395278930664
			*MESH_VERTEX 253	16.505849838256836	26.538490295410156	20.212005615234375
			*MESH_VERTEX 254	18.08753204345703	6.999721527099609	17.684724807739258
			*MESH_VERTEX 255	9.639505386352539	17.68446159362793	10.238802909851074
			*MESH_VERTEX 256	25.091442108154297	18.29167938232422	10.643167495727539
			*MESH_VERTEX 257	17.343183517456055	28.486454010009766	11.410984992980957
			*MESH_VERTEX 258	18.907733917236328	7.053376197814941	13.106597900390625
			*MESH_VERTEX 259	14.817953109741211	3.4234232902526855	8.713216781616211
			*MESH_VERTEX 260	23.237953186035156	-6.006075382232666	5.701682090759277
			*MESH_VERTEX 261	18.76650619506836	-7.818224906921387	1.1279785633087158
			*MESH_VERTEX 262	24.74455451965332	-4.697061061859131	-0.14386634528636932
			*MESH_VERTEX 263	24.052518844604492	4.025729656219482	8.979925155639648
			*MESH_VERTEX 264	24.08942985534668	24.36579132080078	1.5951534509658813
			*MESH_VERTEX 265	9.665898323059082	23.465728759765625	1.4244683980941772
			*MESH_VERTEX 266	14.368865013122559	-5.069717884063721	-0.16729693114757538
			*MESH_VERTEX 267	26.092411041259766	5.174994945526123	0.5868552923202515
			*MESH_VERTEX 268	21.158422470092773	27.027767181396484	2.428495407104492
			*MESH_VERTEX 269	11.777295112609863	4.569785118103027	0.31946736574172974
			*MESH_VERTEX 270	18.443798065185547	24.05677604675293	24.581756591796875
			*MESH_VERTEX 271	16.406654357910156	-6.013524055480957	5.547218322753906
			*MESH_VERTEX 272	-0.23683685064315796	4.100010871887207	81.0973892211914
			*MESH_VERTEX 273	18.53779411315918	9.825797080993652	108.73709106445312
			*MESH_VERTEX 274	11.964370727539062	-3.811917543411255	107.12504577636719
			*MESH_VERTEX 275	10.103363990783691	20.628482818603516	108.67951965332031
			*MESH_VERTEX 276	11.028843879699707	-6.395345211029053	47.27983474731445
			*MESH_VERTEX 277	21.621795654296875	-6.140529632568359	47.231632232666016
			*MESH_VERTEX 278	1.1683590412139893	7.985143184661865	47.04116439819336
			*MESH_VERTEX 279	27.483875274658203	9.514176368713379	49.05951690673828
			*MESH_VERTEX 280	24.061084747314453	20.341978073120117	49.847496032714844
			*MESH_VERTEX 281	3.1943912506103516	20.20645523071289	49.00247573852539
			*MESH_VERTEX 282	13.40941047668457	21.32883071899414	61.34821701049805
			*MESH_VERTEX 283	13.76169490814209	24.859455108642578	49.88357162475586
			*MESH_VERTEX 284	21.059797286987305	10.742527961730957	104.36685180664062
			*MESH_VERTEX 285	11.299798965454102	-5.364495277404785	104.7358169555664
