*3DSMAX_ASCIIEXPORT	110
*COMMENT "[ Kerrax ASCII Model Exporter ] - Feb 25 2013"
*SCENE {
	*SCENE_FILENAME ""
	*SCENE_FIRSTFRAME 0
	*SCENE_LASTFRAME 100
	*SCENE_FRAMESPEED 25
	*SCENE_TICKSPERFRAME 192
	*SCENE_BACKGROUND_STATIC 0	0	0
	*SCENE_AMBIENT_STATIC 0.2	0.2	0.2
}
*MATERIAL_LIST {
	*MATERIAL_COUNT 1
	*MATERIAL 0 {
		*MATERIAL_NAME "MultiMtl #0"
		*MATERIAL_CLASS "Multi/Sub-Object"
		*NUMSUBMTLS 2
		*SUBMATERIAL 0 {
			*MATERIAL_NAME "Leatherarmorfixed"
			*MATERIAL_CLASS "Standard"
			*MATERIAL_DIFFUSE 0.5879999995231628	0.5879999995231628	0.5879999995231628
			*MAP_DIFFUSE {
				*BITMAP "Waldlaeufer.tga"
			}
		}
		*SUBMATERIAL 1 {
			*MATERIAL_NAME "Material #334"
			*MATERIAL_CLASS "Standard"
			*MATERIAL_DIFFUSE 0.6235290169715881	0.5803920030593872	0.5019609928131104
			*MAP_DIFFUSE {
				*BITMAP "Hum_Body_Naked_V0_C0.tga"
			}
		}
	}
}
*HELPEROBJECT {
	*NODE_NAME "Bip01"
	*NODE_TM {
		*NODE_NAME "Bip01"
		*TM_ROW0 0.02462402917444706	-0.9937736392021179	0.10866311937570572
		*TM_ROW1 0.9996931552886963	0.024770719930529594	1.261767863525165e-07
		*TM_ROW2 -0.002691790461540222	0.10862977057695389	0.9940786361694336
		*TM_ROW3 0.14369700849056244	6.203868865966797	100.62115478515625
		*TM_POS 0.14369700849056244	6.203868865966797	100.62115478515625
		*TM_ROTAXIS 0.05432765930891037	0.05569061264395714	0.9969689249992371
		*TM_ROTANGLE 1.5490578961060189
		*TM_SCALE 1	1	1
		*TM_SCALEAXIS 0	0	0
		*TM_SCALEAXISANG 0	0	0
	}
}
*HELPEROBJECT {
	*NODE_NAME "Bip01 Footsteps"
	*NODE_PARENT "Bip01"
	*NODE_TM {
		*NODE_NAME "Bip01 Footsteps"
		*TM_ROW0 1.0	5.257363255850578e-08	8.31204332030211e-08
		*TM_ROW1 -5.257363255850578e-08	1.0	2.6077074721797544e-08
		*TM_ROW2 -8.31204332030211e-08	-2.6077078274511223e-08	1.0
		*TM_ROW3 0.14369703829288483	6.203872203826904	-0.08287429809570312
		*TM_POS 0.14369703829288483	6.203872203826904	-0.08287429809570312
		*TM_ROTAXIS 0.0	0.0	1.0
		*TM_ROTANGLE 0.0
		*TM_SCALE 1	1	1
		*TM_SCALEAXIS 0	0	0
		*TM_SCALEAXISANG 0	0	0
	}
}
*HELPEROBJECT {
	*NODE_NAME "Bip01 Pelvis"
	*NODE_PARENT "Bip01"
	*NODE_TM {
		*NODE_NAME "Bip01 Pelvis"
		*TM_ROW0 -0.0225771963596344	0.10812912881374359	0.9940189123153687
		*TM_ROW1 0.024626832455396652	-0.9940425157546997	0.10867306590080261
		*TM_ROW2 0.9995794296264648	0.026914820075035095	0.019505754113197327
		*TM_ROW3 -0.14416499435901642	7.799953937530518	100.44595336914062
		*TM_POS -0.14416499435901642	7.799953937530518	100.44595336914062
		*TM_ROTAXIS -0.6988619565963745	-0.04753074422478676	-0.7137699127197266
		*TM_ROTANGLE 3.0830653982855574
		*TM_SCALE 1	1	1
		*TM_SCALEAXIS 0	0	0
		*TM_SCALEAXISANG 0	0	0
	}
}
*HELPEROBJECT {
	*NODE_NAME "Bip01 Spine"
	*NODE_PARENT "Bip01 Pelvis"
	*NODE_TM {
		*NODE_NAME "Bip01 Spine"
		*TM_ROW0 0.009967263787984848	-0.008263032883405685	1.001092791557312
		*TM_ROW1 0.019608737900853157	-1.002150058746338	-0.008480467833578587
		*TM_ROW2 1.0009348392486572	0.01970135048031807	-0.01218090858310461
		*TM_ROW3 -0.1527821123600006	8.149333000183105	102.82330322265625
		*TM_POS -0.1527821123600006	8.149333000183105	102.82330322265625
		*TM_ROTAXIS 0.7114240527153015	0.0039873612113296986	0.7035971879959106
		*TM_ROTANGLE 3.121784733481666
		*TM_SCALE 1	1	1
		*TM_SCALEAXIS 0	0	0
		*TM_SCALEAXISANG 0	0	0
	}
}
*HELPEROBJECT {
	*NODE_NAME "Bip01 Spine1"
	*NODE_PARENT "Bip01 Spine"
	*NODE_TM {
		*NODE_NAME "Bip01 Spine1"
		*TM_ROW0 0.010412704199552536	-0.0033833617344498634	1.0023072957992554
		*TM_ROW1 0.01754610985517502	-1.0046294927597046	-0.0036073215305805206
		*TM_ROW2 1.0021593570709229	0.01759066805243492	-0.015141049399971962
		*TM_ROW3 -0.0503932349383831	8.078354835510254	112.64966583251953
		*TM_POS -0.0503932349383831	8.078354835510254	112.64966583251953
		*TM_ROTAXIS 0.7124422192573547	0.004970063455402851	0.7034175992012024
		*TM_ROTANGLE 3.1267151159233686
		*TM_SCALE 1	1	1
		*TM_SCALEAXIS 0	0	0
		*TM_SCALEAXISANG 0	0	0
	}
}
*HELPEROBJECT {
	*NODE_NAME "Bip01 Spine2"
	*NODE_PARENT "Bip01 Spine1"
	*NODE_TM {
		*NODE_NAME "Bip01 Spine2"
		*TM_ROW0 0.011517267674207687	0.15613386034965515	0.9877166152000427
		*TM_ROW1 0.01066676340997219	-0.9877936244010925	0.1560135781764984
		*TM_ROW2 0.9999240636825562	0.00873100757598877	-0.013136053457856178
		*TM_ROW3 0.10042774677276611	8.058582305908203	125.43476867675781
		*TM_POS 0.10042774677276611	8.058582305908203	125.43476867675781
		*TM_ROTAXIS -0.710261344909668	-0.05886964499950409	-0.7015063762664795
		*TM_ROTANGLE 3.0377240327202366
		*TM_SCALE 1	1	1
		*TM_SCALEAXIS 0	0	0
		*TM_SCALEAXISANG 0	0	0
	}
}
*HELPEROBJECT {
	*NODE_NAME "Bip01 Neck"
	*NODE_PARENT "Bip01 Spine2"
	*NODE_TM {
		*NODE_NAME "Bip01 Neck"
		*TM_ROW0 0.014483235776424408	-0.19110426306724548	0.9814839959144592
		*TM_ROW1 0.006079749204218388	-0.9815732836723328	-0.1912073940038681
		*TM_ROW2 0.9998973608016968	0.0087403180077672	-0.013095609843730927
		*TM_ROW3 0.44637396931648254	12.745261192321777	155.0501251220703
		*TM_POS 0.44637396931648254	12.745261192321777	155.0501251220703
		*TM_ROTAXIS 0.7104922533035278	-0.06542982906103134	0.7006717324256897
		*TM_ROTANGLE 3.0004134357504473
		*TM_SCALE 1	1	1
		*TM_SCALEAXIS 0	0	0
		*TM_SCALEAXISANG 0	0	0
	}
}
*HELPEROBJECT {
	*NODE_NAME "Bip01 L Clavicle"
	*NODE_PARENT "Bip01 Neck"
	*NODE_TM {
		*NODE_NAME "Bip01 L Clavicle"
		*TM_ROW0 0.9644341468811035	0.05480093136429787	-0.2585800588130951
		*TM_ROW1 -0.09743700176477432	0.9830869436264038	-0.15506799519062042
		*TM_ROW2 0.24570880830287933	0.17474812269210815	0.9534622430801392
		*TM_ROW3 8.321107864379883	14.41291618347168	149.2584686279297
		*TM_POS 8.321107864379883	14.41291618347168	149.2584686279297
		*TM_ROTAXIS 0.5306774377822876	-0.8114057779312134	-0.24495235085487366
		*TM_ROTANGLE 0.31598210363819784
		*TM_SCALE 1	1	1
		*TM_SCALEAXIS 0	0	0
		*TM_SCALEAXISANG 0	0	0
	}
}
*HELPEROBJECT {
	*NODE_NAME "Bip01 L UpperArm"
	*NODE_PARENT "Bip01 L Clavicle"
	*NODE_TM {
		*NODE_NAME "Bip01 L UpperArm"
		*TM_ROW0 0.11129023879766464	-0.034230854362249374	-0.9931982159614563
		*TM_ROW1 0.3348422050476074	0.9422607421875	0.0050445920787751675
		*TM_ROW2 0.935679018497467	-0.33312609791755676	0.11632635444402695
		*TM_ROW3 21.17315673828125	15.1431884765625	145.81263732910156
		*TM_POS 21.17315673828125	15.1431884765625	145.81263732910156
		*TM_ROTAXIS -0.1696985960006714	-0.9679365754127502	0.1852058321237564
		*TM_ROTANGLE 1.4857552002233896
		*TM_SCALE 1	1	1
		*TM_SCALEAXIS 0	0	0
		*TM_SCALEAXISANG 0	0	0
	}
}
*HELPEROBJECT {
	*NODE_NAME "Bip01 L Forearm"
	*NODE_PARENT "Bip01 L UpperArm"
	*NODE_TM {
		*NODE_NAME "Bip01 L Forearm"
		*TM_ROW0 -0.036278627812862396	-0.41875171661376953	-0.9073758125305176
		*TM_ROW1 0.3509821891784668	0.8447924256324768	-0.4039025604724884
		*TM_ROW2 0.9356791377067566	-0.3331257700920105	0.1163264736533165
		*TM_ROW3 24.27883529663086	14.18793773651123	118.09620666503906
		*TM_POS 24.27883529663086	14.18793773651123	118.09620666503906
		*TM_ROTAXIS 0.035413406789302826	-0.9221788644790649	0.38513898849487305
		*TM_ROTANGLE 1.6083850001154225
		*TM_SCALE 1	1	1
		*TM_SCALEAXIS 0	0	0
		*TM_SCALEAXISANG 0	0	0
	}
}
*HELPEROBJECT {
	*NODE_NAME "Bip01 L Hand"
	*NODE_PARENT "Bip01 L Forearm"
	*NODE_TM {
		*NODE_NAME "Bip01 L Hand"
		*TM_ROW0 -0.11492541432380676	-0.47970050573349	-0.8698733448982239
		*TM_ROW1 -0.9362787008285522	0.34490516781806946	-0.06650278717279434
		*TM_ROW2 0.33192524313926697	0.8068010210990906	-0.4887717664241791
		*TM_ROW3 23.269689559936523	2.5397942066192627	92.85636901855469
		*TM_POS 23.269689559936523	2.5397942066192627	92.85636901855469
		*TM_ROTAXIS 0.5619102716445923	-0.7732738256454468	-0.29377633333206177
		*TM_ROTANGLE 2.251571957051088
		*TM_SCALE 1	1	1
		*TM_SCALEAXIS 0	0	0
		*TM_SCALEAXISANG 0	0	0
	}
}
*HELPEROBJECT {
	*NODE_NAME "Bip01 L Finger0"
	*NODE_PARENT "Bip01 L Hand"
	*NODE_TM {
		*NODE_NAME "Bip01 L Finger0"
		*TM_ROW0 -0.11492560803890228	-0.4797007441520691	-0.8698732256889343
		*TM_ROW1 -0.936542809009552	0.34426242113113403	-0.06611339747905731
		*TM_ROW2 0.33117935061454773	0.8070753812789917	-0.48882487416267395
		*TM_ROW3 21.790605545043945	-3.633887767791748	81.66122436523438
		*TM_POS 21.790605545043945	-3.633887767791748	81.66122436523438
		*TM_ROTAXIS 0.5620401501655579	-0.7730743288993835	-0.2940528094768524
		*TM_ROTANGLE 2.2520198177540283
		*TM_SCALE 1	1	1
		*TM_SCALEAXIS 0	0	0
		*TM_SCALEAXISANG 0	0	0
	}
}
*HELPEROBJECT {
	*NODE_NAME "Bip01 R Clavicle"
	*NODE_PARENT "Bip01 Neck"
	*NODE_TM {
		*NODE_NAME "Bip01 R Clavicle"
		*TM_ROW0 -0.962766170501709	0.0613047257065773	-0.26330050826072693
		*TM_ROW1 0.1055288165807724	0.9819043278694153	-0.1572500616312027
		*TM_ROW2 0.2488957643508911	-0.17918047308921814	-0.9518137574195862
		*TM_ROW3 -7.604902267456055	14.273715019226074	149.46652221679688
		*TM_POS -7.604902267456055	14.273715019226074	149.46652221679688
		*TM_ROTAXIS -0.04261898249387741	-0.9953885674476624	0.08594391494989395
		*TM_ROTANGLE 2.8813815093105437
		*TM_SCALE 1	1	1
		*TM_SCALEAXIS 0	0	0
		*TM_SCALEAXISANG 0	0	0
	}
}
*HELPEROBJECT {
	*NODE_NAME "Bip01 R UpperArm"
	*NODE_PARENT "Bip01 R Clavicle"
	*NODE_TM {
		*NODE_NAME "Bip01 R UpperArm"
		*TM_ROW0 -0.16060318052768707	-0.09321791678667068	-0.9826072454452515
		*TM_ROW1 -0.4995742738246918	0.866270899772644	-0.0005279201432131231
		*TM_ROW2 0.8512532711029053	0.49080052971839905	-0.1856951266527176
		*TM_ROW3 -20.43470001220703	15.090653419494629	145.9578094482422
		*TM_POS -20.43470001220703	15.090653419494629	145.9578094482422
		*TM_ROTAXIS 0.25306132435798645	-0.9445396065711975	-0.20929600298404694
		*TM_ROTANGLE 1.813176358419128
		*TM_SCALE 1	1	1
		*TM_SCALEAXIS 0	0	0
		*TM_SCALEAXISANG 0	0	0
	}
}
*HELPEROBJECT {
	*NODE_NAME "Bip01 R Forearm"
	*NODE_PARENT "Bip01 R UpperArm"
	*NODE_TM {
		*NODE_NAME "Bip01 R Forearm"
		*TM_ROW0 -0.03216828033328056	-0.30439770221710205	-0.952001690864563
		*TM_ROW1 -0.5237678289413452	0.8163682222366333	-0.24333138763904572
		*TM_ROW2 0.8512534499168396	0.49080032110214233	-0.18569490313529968
		*TM_ROW3 -24.916513442993164	12.489299774169922	118.53693389892578
		*TM_POS -24.916513442993164	12.489299774169922	118.53693389892578
		*TM_ROTAXIS 0.37469348311424255	-0.9203633666038513	-0.11196433007717133
		*TM_ROTANGLE 1.7729172540477742
		*TM_SCALE 1	1	1
		*TM_SCALEAXIS 0	0	0
		*TM_SCALEAXISANG 0	0	0
	}
}
*HELPEROBJECT {
	*NODE_NAME "Bip01 R Hand"
	*NODE_PARENT "Bip01 R Forearm"
	*NODE_TM {
		*NODE_NAME "Bip01 R Hand"
		*TM_ROW0 0.08107083290815353	-0.39125606417655945	-0.9167039394378662
		*TM_ROW1 0.8546578288078308	0.500505805015564	-0.13803596794605255
		*TM_ROW2 0.5128230452537537	-0.7722775340080261	0.37496650218963623
		*TM_ROW3 -25.811294555664062	4.022058486938477	92.0557632446289
		*TM_POS -25.811294555664062	4.022058486938477	92.0557632446289
		*TM_ROTAXIS -0.31719568371772766	-0.7149322628974915	0.6231040358543396
		*TM_ROTANGLE 1.5925265335256242
		*TM_SCALE 1	1	1
		*TM_SCALEAXIS 0	0	0
		*TM_SCALEAXISANG 0	0	0
	}
}
*HELPEROBJECT {
	*NODE_NAME "Bip01 R Finger0"
	*NODE_PARENT "Bip01 R Hand"
	*NODE_TM {
		*NODE_NAME "Bip01 R Finger0"
		*TM_ROW0 0.08107088506221771	-0.3912561237812042	-0.9167038798332214
		*TM_ROW1 0.8550660610198975	0.49989041686058044	-0.1377372294664383
		*TM_ROW2 0.51214200258255	-0.7726759910583496	0.37507644295692444
		*TM_ROW3 -24.767919540405273	-1.0133358240127563	80.25791931152344
		*TM_POS -24.767919540405273	-1.0133358240127563	80.25791931152344
		*TM_ROTAXIS -0.3175460994243622	-0.7145956158638	0.6233116984367371
		*TM_ROTANGLE 1.5927793723724375
		*TM_SCALE 1	1	1
		*TM_SCALEAXIS 0	0	0
		*TM_SCALEAXISANG 0	0	0
	}
}
*HELPEROBJECT {
	*NODE_NAME "Bip01 Head"
	*NODE_PARENT "Bip01 Neck"
	*NODE_TM {
		*NODE_NAME "Bip01 Head"
		*TM_ROW0 -0.016481367871165276	-0.13686709105968475	0.9905557036399841
		*TM_ROW1 -0.040594302117824554	-0.989881694316864	-0.137431338429451
		*TM_ROW2 0.9991422891616821	-0.04245784878730774	0.010555354878306389
		*TM_ROW3 0.5454918146133423	11.438285827636719	161.7625732421875
		*TM_POS 0.5454918146133423	11.438285827636719	161.7625732421875
		*TM_ROTAXIS 0.7009105682373047	-0.06336953490972519	0.7104995250701904
		*TM_ROTANGLE 3.0737906431670865
		*TM_SCALE 1	1	1
		*TM_SCALEAXIS 0	0	0
		*TM_SCALEAXISANG 0	0	0
	}
}
*HELPEROBJECT {
	*NODE_NAME "Bip01 L Thigh"
	*NODE_PARENT "Bip01 Spine"
	*NODE_TM {
		*NODE_NAME "Bip01 L Thigh"
		*TM_ROW0 0.1121429055929184	-0.023377051576972008	-0.9934895634651184
		*TM_ROW1 0.05434013530611992	-0.9982452392578125	0.02962527610361576
		*TM_ROW2 -0.9922777414321899	-0.057306379079818726	-0.1108197495341301
		*TM_ROW3 8.861038208007812	8.042478561401367	100.62334442138672
		*TM_POS 8.861038208007812	8.042478561401367	100.62334442138672
		*TM_ROTAXIS -0.7455030083656311	-0.010392125695943832	0.666482150554657
		*TM_ROTANGLE 3.0832555418715466
		*TM_SCALE 1	1	1
		*TM_SCALEAXIS 0	0	0
		*TM_SCALEAXISANG 0	0	0
	}
}
*HELPEROBJECT {
	*NODE_NAME "Bip01 L Calf"
	*NODE_PARENT "Bip01 L Thigh"
	*NODE_TM {
		*NODE_NAME "Bip01 L Calf"
		*TM_ROW0 0.09672258049249649	0.20616447925567627	-0.9737693667411804
		*TM_ROW1 0.07861025631427765	-0.976935088634491	-0.1990126222372055
		*TM_ROW2 -0.9922454357147217	-0.0572870709002018	-0.11078237742185593
		*TM_ROW3 13.274283409118652	7.122790813446045	61.537628173828125
		*TM_POS 13.274283409118652	7.122790813446045	61.537628173828125
		*TM_ROTAXIS 0.7398434281349182	0.09644975513219833	-0.665865421295166
		*TM_ROTANGLE 3.045664819789896
		*TM_SCALE 1	1	1
		*TM_SCALEAXIS 0	0	0
		*TM_SCALEAXISANG 0	0	0
	}
}
*HELPEROBJECT {
	*NODE_NAME "Bip01 L Foot"
	*NODE_PARENT "Bip01 L Calf"
	*NODE_TM {
		*NODE_NAME "Bip01 L Foot"
		*TM_ROW0 -0.001527241081930697	0.04676668718457222	-0.9986861348152161
		*TM_ROW1 0.13977722823619843	-0.9886497855186462	-0.0465511716902256
		*TM_ROW2 -0.9899613261222839	-0.13970527052879333	-0.004594236146658659
		*TM_ROW3 18.022859573364258	17.24452018737793	13.729873657226562
		*TM_POS 18.022859573364258	17.24452018737793	13.729873657226562
		*TM_ROTAXIS -0.7060256004333496	-0.0661262571811676	0.7049375772476196
		*TM_ROTANGLE 3.075573942004153
		*TM_SCALE 1	1	1
		*TM_SCALEAXIS 0	0	0
		*TM_SCALEAXISANG 0	0	0
	}
}
*HELPEROBJECT {
	*NODE_NAME "Bip01 L Toe0"
	*NODE_PARENT "Bip01 L Foot"
	*NODE_TM {
		*NODE_NAME "Bip01 L Toe0"
		*TM_ROW0 0.13979822397232056	-0.9890839457511902	-0.04654919356107712
		*TM_ROW1 0.0016194420168176293	-0.04678091034293175	0.9989023208618164
		*TM_ROW2 -0.9901773929595947	-0.1397188901901245	-0.004936794750392437
		*TM_ROW3 21.1679630279541	-4.561438083648682	0.06292463093996048
		*TM_POS 21.1679630279541	-4.561438083648682	0.06292463093996048
		*TM_ROTAXIS -0.6396756172180176	0.5301288962364197	0.5565756559371948
		*TM_ROTANGLE 2.0442499132715595
		*TM_SCALE 1	1	1
		*TM_SCALEAXIS 0	0	0
		*TM_SCALEAXISANG 0	0	0
	}
}
*HELPEROBJECT {
	*NODE_NAME "Bip01 R Thigh"
	*NODE_PARENT "Bip01 Spine"
	*NODE_TM {
		*NODE_NAME "Bip01 R Thigh"
		*TM_ROW0 -0.125555157661438	0.029124164953827858	-0.9911542534828186
		*TM_ROW1 -0.07318234443664551	-0.9962278008460999	-0.01998305879533291
		*TM_ROW2 -0.9888778328895569	0.07004828006029129	0.1282133162021637
		*TM_ROW3 -9.149372100830078	7.5574235916137695	100.2685775756836
		*TM_POS -9.149372100830078	7.5574235916137695	100.2685775756836
		*TM_ROTAXIS 0.6603953838348389	-0.016698133200407028	-0.7504358887672424
		*TM_ROTANGLE 3.0733750297329756
		*TM_SCALE 1	1	1
		*TM_SCALEAXIS 0	0	0
		*TM_SCALEAXISANG 0	0	0
	}
}
*HELPEROBJECT {
	*NODE_NAME "Bip01 R Calf"
	*NODE_PARENT "Bip01 R Thigh"
	*NODE_TM {
		*NODE_NAME "Bip01 R Calf"
		*TM_ROW0 -0.11388059705495834	0.17461229860782623	-0.9779693484306335
		*TM_ROW1 -0.09083151817321777	-0.9820348620414734	-0.16476573050022125
		*TM_ROW2 -0.9892740845680237	0.0700618177652359	0.1278124749660492
		*TM_ROW3 -14.107004165649414	8.703411102294922	61.254150390625
		*TM_POS -14.107004165649414	8.703411102294922	61.254150390625
		*TM_ROTAXIS 0.6622382402420044	0.03188042342662811	-0.7485792636871338
		*TM_ROTANGLE 2.963351978843625
		*TM_SCALE 1	1	1
		*TM_SCALEAXIS 0	0	0
		*TM_SCALEAXISANG 0	0	0
	}
}
*HELPEROBJECT {
	*NODE_NAME "Bip01 R Foot"
	*NODE_PARENT "Bip01 R Calf"
	*NODE_TM {
		*NODE_NAME "Bip01 R Foot"
		*TM_ROW0 -0.018516037613153458	0.02867826446890831	-0.9995667934417725
		*TM_ROW1 -0.08975911885499954	-0.9958939552307129	-0.026919158175587654
		*TM_ROW2 -0.9959415793418884	0.08921264857053757	0.02071530558168888
		*TM_ROW3 -19.70151138305664	17.27679443359375	13.235627174377441
		*TM_POS -19.70151138305664	17.27679443359375	13.235627174377441
		*TM_ROTAXIS 0.7000071406364441	-0.021852022036910057	-0.7139044404029846
		*TM_ROTANGLE 3.058546786525302
		*TM_SCALE 1	1	1
		*TM_SCALEAXIS 0	0	0
		*TM_SCALEAXISANG 0	0	0
	}
}
*HELPEROBJECT {
	*NODE_NAME "Bip01 R Toe0"
	*NODE_PARENT "Bip01 R Foot"
	*NODE_TM {
		*NODE_NAME "Bip01 R Toe0"
		*TM_ROW0 -0.08975901454687119	-0.9955959320068359	-0.02692430280148983
		*TM_ROW1 0.018392402678728104	-0.028682587668299675	0.9994159936904907
		*TM_ROW2 -0.9957901239395142	0.08921495079994202	0.0208896454423666
		*TM_ROW3 -21.966184616088867	-4.905140399932861	0.006486468017101288
		*TM_POS -21.966184616088867	-4.905140399932861	0.006486468017101288
		*TM_ROTAXIS -0.5444012880325317	0.5794893503189087	0.6064776182174683
		*TM_ROTANGLE 2.1517034867362814
		*TM_SCALE 1	1	1
		*TM_SCALEAXIS 0	0	0
		*TM_SCALEAXISANG 0	0	0
	}
}
*GEOMOBJECT {
	*NODE_NAME "zm_Leatherarmorfixed"
	*NODE_PARENT "Bip01"
	*NODE_TM {
		*NODE_NAME "zm_Leatherarmorfixed"
		*TM_ROW0 1.3867959296476329e-06	-7.176485290359344e-14	1.0
		*TM_ROW1 3.0120188512228196e-06	-1.0	-4.248830020453509e-12
		*TM_ROW2 1.0	3.0120188512228196e-06	-1.386802409797383e-06
		*TM_ROW3 1.695102530563375e-10	1.456081509590149	83.81327819824219
		*TM_POS 1.695102530563375e-10	1.456081509590149	83.81327819824219
		*TM_ROTAXIS 0.7071072459220886	1.0649087016645353e-06	0.7071062922477722
		*TM_ROTANGLE 3.141590523769294
		*TM_SCALE 1	1	1
		*TM_SCALEAXIS 0	0	0
		*TM_SCALEAXISANG 0	0	0
	}
	*MATERIAL_REF 0
	*MESH_SOFTSKIN {
		*TIMEVALUE 0
		*MESH_NUMVERTEX 408
		*MESH_NUMFACES 802
		*MESH_VERTEX_LIST {
			*MESH_VERTEX 0	-18.456106185913086	8.537195205688477	110.09955596923828
			*MESH_VERTEX 1	0.18745173513889313	-7.703071594238281	109.70238494873047
			*MESH_VERTEX 2	-0.27865108847618103	19.478853225708008	110.33732604980469
			*MESH_VERTEX 3	-12.804973602294922	-4.032032012939453	110.17079162597656
			*MESH_VERTEX 4	-10.333451271057129	16.55935287475586	110.13980102539062
			*MESH_VERTEX 5	18.23638916015625	8.925654411315918	110.01286315917969
			*MESH_VERTEX 6	14.063199996948242	-2.8540232181549072	110.06791687011719
			*MESH_VERTEX 7	9.289156913757324	17.659252166748047	110.07257843017578
			*MESH_VERTEX 8	-16.43816566467285	8.6160249710083	115.91925811767578
			*MESH_VERTEX 9	0.20725801587104797	-7.57215690612793	114.93866729736328
			*MESH_VERTEX 10	-0.1810626983642578	19.214143753051758	115.59288787841797
			*MESH_VERTEX 11	-12.144495964050293	-2.673542022705078	115.26904296875
			*MESH_VERTEX 12	-10.231010437011719	16.055831909179688	115.72106170654297
			*MESH_VERTEX 13	16.452280044555664	8.848716735839844	115.55694580078125
			*MESH_VERTEX 14	12.61717414855957	-1.7710788249969482	115.04989624023438
			*MESH_VERTEX 15	9.33864688873291	17.29232406616211	115.51952362060547
			*MESH_VERTEX 16	-11.33923053741455	-2.957324743270874	55.29719543457031
			*MESH_VERTEX 17	-18.461013793945312	-2.990466594696045	56.185340881347656
			*MESH_VERTEX 18	-7.632126808166504	22.332136154174805	31.207332611083984
			*MESH_VERTEX 19	-11.461230278015137	15.166958808898926	16.16703987121582
			*MESH_VERTEX 20	-22.825193405151367	16.814105987548828	17.58024024963379
			*MESH_VERTEX 21	-23.94490623474121	22.296188354492188	32.99348831176758
			*MESH_VERTEX 22	-14.693270683288574	23.81205940246582	16.74109649658203
			*MESH_VERTEX 23	-15.122520446777344	27.212011337280273	33.51496887207031
			*MESH_VERTEX 24	-19.30889320373535	9.706888198852539	16.001893997192383
			*MESH_VERTEX 25	-24.8457088470459	11.669696807861328	27.20723533630371
			*MESH_VERTEX 26	-7.310541152954102	10.929166793823242	24.60442352294922
			*MESH_VERTEX 27	-15.436306953430176	9.832003593444824	15.565164566040039
			*MESH_VERTEX 28	-20.834169387817383	8.984138488769531	86.61772918701172
			*MESH_VERTEX 29	-12.052571296691895	18.14058494567871	84.96996307373047
			*MESH_VERTEX 30	-0.687653124332428	10.57498836517334	82.80311584472656
			*MESH_VERTEX 31	-6.808173656463623	-6.456512451171875	85.85908508300781
			*MESH_VERTEX 32	-15.735045433044434	-4.198708534240723	87.35022735595703
			*MESH_VERTEX 33	0.06943507492542267	11.575864791870117	82.92842864990234
			*MESH_VERTEX 34	-21.715850830078125	8.597084045410156	61.54007339477539
			*MESH_VERTEX 35	-18.109359741210938	16.193740844726562	61.780982971191406
			*MESH_VERTEX 36	-9.989178657531738	16.253969192504883	60.6949577331543
			*MESH_VERTEX 37	-4.890389919281006	8.876863479614258	59.96015548706055
			*MESH_VERTEX 38	-10.246021270751953	-4.678040981292725	61.587493896484375
			*MESH_VERTEX 39	-17.586153030395508	-4.811594009399414	62.477134704589844
			*MESH_VERTEX 40	-13.632851600646973	-0.8802334666252136	26.39738655090332
			*MESH_VERTEX 41	-19.693153381347656	-1.485609531402588	27.657270431518555
			*MESH_VERTEX 42	-20.557472229003906	23.868330001831055	17.32869529724121
			*MESH_VERTEX 43	10.943185806274414	-2.8287179470062256	55.84166717529297
			*MESH_VERTEX 44	18.18212127685547	-2.511439323425293	57.08015441894531
			*MESH_VERTEX 45	7.159821510314941	22.403121948242188	32.22507095336914
			*MESH_VERTEX 46	11.402375221252441	17.02978515625	16.317779541015625
			*MESH_VERTEX 47	23.10784339904785	17.3891544342041	17.9423885345459
			*MESH_VERTEX 48	23.066984176635742	23.24301528930664	33.296810150146484
			*MESH_VERTEX 49	13.144305229187012	23.917818069458008	17.471603393554688
			*MESH_VERTEX 50	16.101896286010742	27.838388442993164	34.265899658203125
			*MESH_VERTEX 51	20.27699851989746	10.12453556060791	16.269254684448242
			*MESH_VERTEX 52	24.110858917236328	12.882009506225586	28.12948226928711
			*MESH_VERTEX 53	6.946253776550293	11.271615982055664	25.183116912841797
			*MESH_VERTEX 54	15.958434104919434	10.018600463867188	15.621334075927734
			*MESH_VERTEX 55	20.15964698791504	8.283485412597656	87.16658020019531
			*MESH_VERTEX 56	11.32275676727295	17.551345825195312	85.52621459960938
			*MESH_VERTEX 57	7.142024993896484	-6.94947624206543	86.67042541503906
			*MESH_VERTEX 58	16.236452102661133	-4.0675129890441895	88.0088119506836
			*MESH_VERTEX 59	-0.5632501840591431	11.595419883728027	82.9498519897461
			*MESH_VERTEX 60	20.990333557128906	9.197464942932129	61.938358306884766
			*MESH_VERTEX 61	17.027631759643555	16.67388916015625	62.15422058105469
			*MESH_VERTEX 62	8.954172134399414	16.37506866455078	61.091976165771484
			*MESH_VERTEX 63	5.221972942352295	8.729373931884766	60.438873291015625
			*MESH_VERTEX 64	10.44796371459961	-4.522361755371094	61.91582107543945
			*MESH_VERTEX 65	17.49496078491211	-4.337285041809082	62.79690170288086
			*MESH_VERTEX 66	13.771178245544434	-0.3932577967643738	26.83226203918457
			*MESH_VERTEX 67	19.599246978759766	-0.4917277991771698	28.478628158569336
			*MESH_VERTEX 68	19.90662956237793	24.267677307128906	18.280637741088867
			*MESH_VERTEX 69	-0.10931570082902908	10.47294807434082	86.91059112548828
			*MESH_VERTEX 70	-14.83317756652832	-4.901581287384033	102.5523681640625
			*MESH_VERTEX 71	-0.48512202501296997	21.6605167388916	93.88971710205078
			*MESH_VERTEX 72	-20.562820434570312	8.867618560791016	102.71898651123047
			*MESH_VERTEX 73	-10.641829490661621	20.427135467529297	103.1494140625
			*MESH_VERTEX 74	4.36578893661499	-7.326727867126465	98.0611801147461
			*MESH_VERTEX 75	-4.7164788246154785	20.400104522705078	88.01341247558594
			*MESH_VERTEX 76	15.393214225769043	-4.085474967956543	103.3558349609375
			*MESH_VERTEX 77	20.09815788269043	9.797100067138672	103.32060241699219
			*MESH_VERTEX 78	9.160072326660156	20.708555221557617	102.91849517822266
			*MESH_VERTEX 79	3.948665142059326	20.01570701599121	87.96665954589844
			*MESH_VERTEX 80	-0.49730968475341797	23.13397979736328	103.31893157958984
			*MESH_VERTEX 81	-11.804366111755371	18.148271560668945	93.31221008300781
			*MESH_VERTEX 82	10.91711139678955	18.161067962646484	93.158203125
			*MESH_VERTEX 83	19.584217071533203	8.675843238830566	94.97117614746094
			*MESH_VERTEX 84	-20.217206954956055	8.864869117736816	94.33265686035156
			*MESH_VERTEX 85	10.913310050964355	20.670522689819336	95.07157897949219
			*MESH_VERTEX 86	-12.671332359313965	20.38663101196289	94.6221694946289
			*MESH_VERTEX 87	-0.5381942987442017	23.832277297973633	95.505615234375
			*MESH_VERTEX 88	-3.4995832443237305	-6.920687675476074	97.69612884521484
			*MESH_VERTEX 89	21.900413513183594	6.4929022789001465	145.27523803710938
			*MESH_VERTEX 90	17.58816909790039	20.664400100708008	150.8311309814453
			*MESH_VERTEX 91	19.464107513427734	24.239151000976562	142.41439819335938
			*MESH_VERTEX 92	22.131425857543945	12.129440307617188	154.36807250976562
			*MESH_VERTEX 93	17.901853561401367	3.85905385017395	140.21978759765625
			*MESH_VERTEX 94	20.077545166015625	16.643556594848633	138.1713104248047
			*MESH_VERTEX 95	19.01335334777832	10.406698226928711	137.85739135742188
			*MESH_VERTEX 96	-20.359243392944336	6.300579071044922	145.45623779296875
			*MESH_VERTEX 97	-15.965801239013672	21.267574310302734	149.52587890625
			*MESH_VERTEX 98	-19.427797317504883	24.482730865478516	142.71815490722656
			*MESH_VERTEX 99	-21.24399757385254	11.752203941345215	154.6790313720703
			*MESH_VERTEX 100	-17.119836807250977	3.711808919906616	140.3367462158203
			*MESH_VERTEX 101	-19.674848556518555	16.575864791870117	138.5660858154297
			*MESH_VERTEX 102	-18.388307571411133	10.361504554748535	138.169921875
			*MESH_VERTEX 103	19.037622451782227	6.846648216247559	148.8585662841797
			*MESH_VERTEX 104	-13.732994079589844	-2.5266823768615723	140.1393280029297
			*MESH_VERTEX 105	-5.492184162139893	10.956242561340332	156.6180419921875
			*MESH_VERTEX 106	-6.697208404541016	16.571941375732422	157.02914428710938
			*MESH_VERTEX 107	0.2924382984638214	22.29259490966797	138.953369140625
			*MESH_VERTEX 108	-14.423532485961914	20.964290618896484	140.33184814453125
			*MESH_VERTEX 109	0.5193773508071899	3.861219882965088	151.02297973632812
			*MESH_VERTEX 110	0.7244542837142944	16.161666870117188	168.6995086669922
			*MESH_VERTEX 111	-2.907588243484497	15.21442985534668	168.05738830566406
			*MESH_VERTEX 112	-4.598424434661865	7.2175116539001465	163.0096893310547
			*MESH_VERTEX 113	0.4400249719619751	-5.917575359344482	139.97085571289062
			*MESH_VERTEX 114	-16.418212890625	5.88321590423584	151.6632080078125
			*MESH_VERTEX 115	0.24383597075939178	5.674596786499023	162.25498962402344
			*MESH_VERTEX 116	0.46267610788345337	18.8161678314209	156.90768432617188
			*MESH_VERTEX 117	-6.081915855407715	10.517040252685547	165.10594177246094
			*MESH_VERTEX 118	14.240917205810547	-3.0081946849823	140.4166259765625
			*MESH_VERTEX 119	6.707616329193115	11.28410816192627	156.5288543701172
			*MESH_VERTEX 120	7.79182243347168	16.961101531982422	156.923095703125
			*MESH_VERTEX 121	16.09151840209961	21.29892349243164	140.91062927246094
			*MESH_VERTEX 122	4.398163795471191	14.661274909973145	168.11231994628906
			*MESH_VERTEX 123	5.12640380859375	6.662315845489502	163.32252502441406
			*MESH_VERTEX 124	6.8541483879089355	9.633304595947266	165.30662536621094
			*MESH_VERTEX 125	0.07453799247741699	-8.355608940124512	127.03099060058594
			*MESH_VERTEX 126	-12.126546859741211	22.00495147705078	126.80191802978516
			*MESH_VERTEX 127	-18.652681350708008	8.870170593261719	125.65605926513672
			*MESH_VERTEX 128	-13.426958084106445	-3.252671241760254	127.83409118652344
			*MESH_VERTEX 129	-0.24819937348365784	23.773386001586914	126.20771026611328
			*MESH_VERTEX 130	11.848531723022461	22.69334602355957	126.60173034667969
			*MESH_VERTEX 131	19.21528434753418	9.988919258117676	125.4435806274414
			*MESH_VERTEX 132	14.00611400604248	-2.5652413368225098	127.42924499511719
			*MESH_VERTEX 133	8.156270980834961	11.238082885742188	6.321065902709961
			*MESH_VERTEX 134	27.73991584777832	12.438542366027832	7.894273281097412
			*MESH_VERTEX 135	10.622732162475586	27.863025665283203	11.955852508544922
			*MESH_VERTEX 136	22.323423385620117	-0.9956363439559937	10.723045349121094
			*MESH_VERTEX 137	14.578296661376953	-1.379332423210144	10.013141632080078
			*MESH_VERTEX 138	22.119060516357422	28.767152786254883	12.933948516845703
			*MESH_VERTEX 139	-8.321158409118652	10.672822952270508	6.4732537269592285
			*MESH_VERTEX 140	-27.284940719604492	13.736496925354004	6.911642074584961
			*MESH_VERTEX 141	-12.106287002563477	27.399986267089844	11.460831642150879
			*MESH_VERTEX 142	-22.527894973754883	-2.0811774730682373	10.585099220275879
			*MESH_VERTEX 143	-14.312015533447266	-2.0178396701812744	10.075284004211426
			*MESH_VERTEX 144	-23.19434928894043	27.71872329711914	12.38671588897705
			*MESH_VERTEX 145	-17.77544403076172	8.54610538482666	117.7245864868164
			*MESH_VERTEX 146	-12.648041725158691	19.93216323852539	117.38097381591797
			*MESH_VERTEX 147	-0.2474324107170105	22.202856063842773	116.99950408935547
			*MESH_VERTEX 148	17.864688873291016	9.060629844665527	117.47258758544922
			*MESH_VERTEX 149	11.715093612670898	20.945892333984375	117.16365814208984
			*MESH_VERTEX 150	0.29663321375846863	21.295867919921875	149.41250610351562
			*MESH_VERTEX 151	-8.129008293151855	18.868627548217773	155.46583557128906
			*MESH_VERTEX 152	-10.123589515686035	7.2914323806762695	154.1094970703125
			*MESH_VERTEX 153	-10.194480895996094	12.029387474060059	156.6453399658203
			*MESH_VERTEX 154	9.524959564208984	19.206314086914062	155.61215209960938
			*MESH_VERTEX 155	11.730679512023926	12.392444610595703	156.76589965820312
			*MESH_VERTEX 156	11.769024848937988	7.727734088897705	154.18153381347656
			*MESH_VERTEX 157	0.3467104732990265	21.517623901367188	153.2880859375
			*MESH_VERTEX 158	-8.057592391967773	10.135470390319824	158.60533142089844
			*MESH_VERTEX 159	0.4992052912712097	20.1501407623291	159.91334533691406
			*MESH_VERTEX 160	8.243911743164062	17.744535446166992	160.23480224609375
			*MESH_VERTEX 161	9.51414966583252	10.47506046295166	158.61111450195312
			*MESH_VERTEX 162	6.885956287384033	4.8184356689453125	151.33168029785156
			*MESH_VERTEX 163	-5.0925211906433105	4.564082622528076	151.24143981933594
			*MESH_VERTEX 164	-6.888889312744141	17.389314651489258	160.20242309570312
			*MESH_VERTEX 165	18.409282684326172	7.209420204162598	138.4290008544922
			*MESH_VERTEX 166	24.502151489257812	6.691923141479492	141.91673278808594
			*MESH_VERTEX 167	27.633819580078125	21.369855880737305	146.74374389648438
			*MESH_VERTEX 168	16.57191276550293	13.38759994506836	137.8105926513672
			*MESH_VERTEX 169	27.52004051208496	7.535049915313721	145.57945251464844
			*MESH_VERTEX 170	29.827829360961914	12.543815612792969	147.8299560546875
			*MESH_VERTEX 171	15.244397163391113	19.404823303222656	137.44509887695312
			*MESH_VERTEX 172	21.671401977539062	24.538917541503906	139.66195678710938
			*MESH_VERTEX 173	17.30947494506836	13.524709701538086	136.0703887939453
			*MESH_VERTEX 174	30.662843704223633	12.450910568237305	141.2810516357422
			*MESH_VERTEX 175	28.604337692260742	20.992422103881836	141.4514617919922
			*MESH_VERTEX 176	27.469375610351562	7.558123588562012	140.2888946533203
			*MESH_VERTEX 177	23.226110458374023	6.874809265136719	138.62551879882812
			*MESH_VERTEX 178	19.129854202270508	7.722029209136963	136.72080993652344
			*MESH_VERTEX 179	16.71744728088379	19.818944931030273	135.8675537109375
			*MESH_VERTEX 180	-17.06032371520996	7.559124946594238	138.44287109375
			*MESH_VERTEX 181	-23.247751235961914	6.387876033782959	141.92918395996094
			*MESH_VERTEX 182	-27.3525390625	20.889297485351562	147.24440002441406
			*MESH_VERTEX 183	-15.928638458251953	13.937362670898438	137.6981201171875
			*MESH_VERTEX 184	-26.27313995361328	6.939596176147461	145.72348022460938
			*MESH_VERTEX 185	-28.907875061035156	11.78409481048584	148.18112182617188
			*MESH_VERTEX 186	-15.267367362976074	20.094226837158203	137.24314880371094
			*MESH_VERTEX 187	-22.768077850341797	24.257793426513672	139.51071166992188
			*MESH_VERTEX 188	-16.749849319458008	14.014572143554688	135.9667510986328
			*MESH_VERTEX 189	-29.641664505004883	11.054819107055664	142.000732421875
			*MESH_VERTEX 190	-28.77945327758789	19.834152221679688	141.79812622070312
			*MESH_VERTEX 191	-25.834978103637695	6.634129524230957	140.9884033203125
			*MESH_VERTEX 192	-21.601318359375	6.522579669952393	139.11972045898438
			*MESH_VERTEX 193	-17.883302688598633	8.009211540222168	136.7592315673828
			*MESH_VERTEX 194	-16.873777389526367	20.361526489257812	135.6831512451172
			*MESH_VERTEX 195	13.392345428466797	17.450124740600586	17.959800720214844
			*MESH_VERTEX 196	21.947763442993164	17.416301727294922	18.164566040039062
			*MESH_VERTEX 197	14.520742416381836	21.943708419799805	18.904926300048828
			*MESH_VERTEX 198	21.27058982849121	12.088639259338379	17.232755661010742
			*MESH_VERTEX 199	15.645212173461914	11.044344902038574	16.983211517333984
			*MESH_VERTEX 200	10.866155624389648	16.704050064086914	16.27891731262207
			*MESH_VERTEX 201	23.832561492919922	16.58145523071289	16.529626846313477
			*MESH_VERTEX 202	17.910844802856445	24.59716033935547	19.913944244384766
			*MESH_VERTEX 203	18.437519073486328	7.596699237823486	17.520505905151367
			*MESH_VERTEX 204	11.017773628234863	16.667125701904297	10.24530029296875
			*MESH_VERTEX 205	25.155296325683594	17.35099220275879	10.765551567077637
			*MESH_VERTEX 206	20.166446685791016	27.170902252197266	11.428099632263184
			*MESH_VERTEX 207	19.314125061035156	6.878047943115234	13.035323143005371
			*MESH_VERTEX 208	15.241668701171875	2.6942765712738037	8.258546829223633
			*MESH_VERTEX 209	22.88336753845215	-5.579266548156738	5.748363971710205
			*MESH_VERTEX 210	19.821680068969727	-7.782845973968506	1.1335922479629517
			*MESH_VERTEX 211	23.780763626098633	-4.671666622161865	-0.10618980973958969
			*MESH_VERTEX 212	24.482318878173828	3.3854258060455322	8.592187881469727
			*MESH_VERTEX 213	23.500415802001953	23.550296783447266	1.0899803638458252
			*MESH_VERTEX 214	12.131806373596191	22.662410736083984	0.8156657218933105
			*MESH_VERTEX 215	15.363777160644531	-5.075471878051758	-0.1890762746334076
			*MESH_VERTEX 216	25.9799861907959	5.243092060089111	0.6393539309501648
			*MESH_VERTEX 217	20.733646392822266	26.17432403564453	1.7943918704986572
			*MESH_VERTEX 218	11.900616645812988	4.5089335441589355	0.2718571722507477
			*MESH_VERTEX 219	18.70486831665039	22.72127342224121	19.883312225341797
			*MESH_VERTEX 220	12.425082206726074	10.892966270446777	16.314987182617188
			*MESH_VERTEX 221	23.078603744506836	10.038714408874512	17.13479232788086
			*MESH_VERTEX 222	11.736323356628418	20.406761169433594	18.13250160217285
			*MESH_VERTEX 223	22.641300201416016	22.08264923095703	18.612125396728516
			*MESH_VERTEX 224	17.377336502075195	-6.0107502937316895	5.53125
			*MESH_VERTEX 225	-13.429201126098633	16.806501388549805	16.959474563598633
			*MESH_VERTEX 226	-22.664958953857422	16.47246551513672	17.57010841369629
			*MESH_VERTEX 227	-15.888833999633789	21.591148376464844	18.58875846862793
			*MESH_VERTEX 228	-19.033781051635742	9.912463188171387	16.94892120361328
			*MESH_VERTEX 229	-16.44747543334961	9.656688690185547	16.73053741455078
			*MESH_VERTEX 230	-11.528916358947754	16.324201583862305	15.820338249206543
			*MESH_VERTEX 231	-24.592554092407227	15.263975143432617	15.992030143737793
			*MESH_VERTEX 232	-16.79426383972168	24.323514938354492	18.389848709106445
			*MESH_VERTEX 233	-18.93747901916504	6.734923839569092	17.132383346557617
			*MESH_VERTEX 234	-11.784797668457031	16.191347122192383	9.814921379089355
			*MESH_VERTEX 235	-25.916879653930664	16.033586502075195	10.241125106811523
			*MESH_VERTEX 236	-16.021406173706055	26.548725128173828	10.932519912719727
			*MESH_VERTEX 237	-19.617006301879883	5.926878929138184	12.626142501831055
			*MESH_VERTEX 238	-14.93702507019043	1.9703994989395142	7.917477130889893
			*MESH_VERTEX 239	-23.4470272064209	-7.14346981048584	5.412782669067383
			*MESH_VERTEX 240	-20.167455673217773	-8.84516716003418	0.8321852684020996
			*MESH_VERTEX 241	-24.091693878173828	-5.976289749145508	-0.45334431529045105
			*MESH_VERTEX 242	-24.199495315551758	2.1164159774780273	8.184757232666016
			*MESH_VERTEX 243	-25.22359848022461	23.103206634521484	1.0578256845474243
			*MESH_VERTEX 244	-13.695362091064453	22.865497589111328	0.8677245378494263
			*MESH_VERTEX 245	-16.042802810668945	-5.8927764892578125	-0.48123252391815186
			*MESH_VERTEX 246	-26.306882858276367	3.8116891384124756	0.20999883115291595
			*MESH_VERTEX 247	-16.53339385986328	25.492984771728516	1.4807801246643066
			*MESH_VERTEX 248	-12.457386016845703	3.9025728702545166	-0.06010092794895172
			*MESH_VERTEX 249	-19.669795989990234	21.91074562072754	19.319988250732422
			*MESH_VERTEX 250	-13.439217567443848	9.382819175720215	16.282466888427734
			*MESH_VERTEX 251	-23.48577880859375	9.862371444702148	16.587574005126953
			*MESH_VERTEX 252	-12.59814167022705	19.99701499938965	17.64395523071289
			*MESH_VERTEX 253	-22.706899642944336	21.15319061279297	18.019420623779297
			*MESH_VERTEX 254	-17.42470932006836	-6.887287616729736	5.133818626403809
			*MESH_VERTEX 255	0.22703222930431366	10.55734634399414	82.83992767333984
			*MESH_VERTEX 256	-0.41389599442481995	20.082809448242188	87.9110336303711
			*MESH_VERTEX 257	25.779146194458008	22.180696487426758	117.71553802490234
			*MESH_VERTEX 258	30.069320678710938	19.071077346801758	117.8608169555664
			*MESH_VERTEX 259	17.793853759765625	15.279213905334473	118.17745971679688
			*MESH_VERTEX 260	19.67696762084961	21.00518035888672	117.8116683959961
			*MESH_VERTEX 261	29.093191146850586	10.350899696350098	119.07986450195312
			*MESH_VERTEX 262	24.534740447998047	8.793931007385254	119.23399353027344
			*MESH_VERTEX 263	18.896371841430664	10.81377124786377	118.79377746582031
			*MESH_VERTEX 264	30.68136215209961	13.744680404663086	118.5439453125
			*MESH_VERTEX 265	23.331298828125	24.558582305908203	132.846923828125
			*MESH_VERTEX 266	15.310271263122559	14.915631294250488	130.76893615722656
			*MESH_VERTEX 267	31.033164978027344	12.918368339538574	132.3668212890625
			*MESH_VERTEX 268	28.960073471069336	21.011520385742188	132.81417846679688
			*MESH_VERTEX 269	27.721145629882812	8.039571762084961	131.97027587890625
			*MESH_VERTEX 270	23.342742919921875	7.275923252105713	131.22909545898438
			*MESH_VERTEX 271	16.74132537841797	9.330151557922363	130.44937133789062
			*MESH_VERTEX 272	16.071252822875977	21.340763092041016	131.42910766601562
			*MESH_VERTEX 273	25.20452117919922	23.730690002441406	119.47038269042969
			*MESH_VERTEX 274	23.728857040405273	25.139934539794922	130.63375854492188
			*MESH_VERTEX 275	16.563650131225586	14.979450225830078	119.00950622558594
			*MESH_VERTEX 276	14.772921562194824	15.107111930847168	128.34971618652344
			*MESH_VERTEX 277	31.086772918701172	19.974884033203125	119.33973693847656
