*3DSMAX_ASCIIEXPORT	110
*COMMENT "[ Kerrax ASCII Model Exporter ] - Feb 25 2013"
*SCENE {
	*SCENE_FILENAME ""
	*SCENE_FIRSTFRAME 0
	*SCENE_LASTFRAME 100
	*SCENE_FRAMESPEED 25
	*SCENE_TICKSPERFRAME 192
	*SCENE_BACKGROUND_STATIC 0	0	0
	*SCENE_AMBIENT_STATIC 0.2	0.2	0.2
}
*MATERIAL_LIST {
	*MATERIAL_COUNT 1
	*MATERIAL 0 {
		*MATERIAL_NAME "MultiMtl #0"
		*MATERIAL_CLASS "Multi/Sub-Object"
		*NUMSUBMTLS 2
		*SUBMATERIAL 0 {
			*MATERIAL_NAME "PSINOVOBKP"
			*MATERIAL_CLASS "Standard"
			*MATERIAL_DIFFUSE 0.1529410034418106	0.06666669994592667	0.05490199849009514
			*MAP_DIFFUSE {
				*BITMAP "HUM_NOV.TGA"
			}
		}
		*SUBMATERIAL 1 {
			*MATERIAL_NAME "NACKED_MUSCEL0"
			*MATERIAL_CLASS "Standard"
			*MATERIAL_DIFFUSE 0.5098040103912354	0.4078429937362671	0.3058820068836212
			*MAP_DIFFUSE {
				*BITMAP "HUM_BODY_NAKED_V0_C0.TGA"
			}
		}
	}
}
*HELPEROBJECT {
	*NODE_NAME "Bip01"
	*NODE_TM {
		*NODE_NAME "Bip01"
		*TM_ROW0 -3.422854177870249e-08	-1.0	0.0
		*TM_ROW1 1.0	-3.422854177870249e-08	0.0
		*TM_ROW2 0.0	0.0	1.0
		*TM_ROW3 0.0	-7.377449989318848	99.94960021972656
		*TM_POS 0.0	-7.377449989318848	99.94960021972656
		*TM_ROTAXIS 0.0	0.0	1.0
		*TM_ROTANGLE 1.5707963610234383
		*TM_SCALE 1	1	1
		*TM_SCALEAXIS 0	0	0
		*TM_SCALEAXISANG 0	0	0
	}
}
*HELPEROBJECT {
	*NODE_NAME "Bip01 Pelvis"
	*NODE_PARENT "Bip01"
	*NODE_TM {
		*NODE_NAME "Bip01 Pelvis"
		*TM_ROW0 -5.9604559510262334e-08	1.8223674942419166e-06	1.0
		*TM_ROW1 -1.7722446727930219e-06	-1.0	1.8223673805550789e-06
		*TM_ROW2 1.0	-1.7722445591061842e-06	5.9604555957548655e-08
		*TM_ROW3 -5.308608160703443e-05	-8.011300086975098	99.94960021972656
		*TM_POS -5.308608160703443e-05	-8.011300086975098	99.94960021972656
		*TM_ROTAXIS 0.7071067690849304	1.7721092149258766e-08	0.7071068286895752
		*TM_ROTANGLE 3.141595195364353
		*TM_SCALE 1	1	1
		*TM_SCALEAXIS 0	0	0
		*TM_SCALEAXISANG 0	0	0
	}
}
*HELPEROBJECT {
	*NODE_NAME "Bip01 Spine"
	*NODE_PARENT "Bip01 Pelvis"
	*NODE_TM {
		*NODE_NAME "Bip01 Spine"
		*TM_ROW0 -0.0002804804244078696	-0.02059563621878624	0.9999732375144958
		*TM_ROW1 7.367568741756259e-07	-1.0001585483551025	-0.02059563621878624
		*TM_ROW2 1.000185251235962	-1.223616436618613e-06	-9.009749919641763e-05
		*TM_ROW3 -5.308608160703443e-05	-7.922159194946289	102.3499984741211
		*TM_POS -5.308608160703443e-05	-7.922159194946289	102.3499984741211
		*TM_ROTAXIS 0.707119882106781	-0.0072816479951143265	0.7071871757507324
		*TM_ROTANGLE 3.1270299594424364
		*TM_SCALE 1	1	1
		*TM_SCALEAXIS 0	0	0
		*TM_SCALEAXISANG 0	0	0
	}
}
*HELPEROBJECT {
	*NODE_NAME "Bip01 Spine1"
	*NODE_PARENT "Bip01 Spine"
	*NODE_TM {
		*NODE_NAME "Bip01 Spine1"
		*TM_ROW0 -0.00022966146934777498	-0.0027547336649149656	0.99460369348526
		*TM_ROW1 -1.786147004168015e-05	-0.9892427325248718	-0.002754878019914031
		*TM_ROW2 0.9946075081825256	-3.338949318276718e-05	0.01098302099853754
		*TM_ROW3 -5.308617255650461e-05	-8.114419937133789	112.17500305175781
		*TM_POS -5.308617255650461e-05	-8.114419937133789	112.17500305175781
		*TM_ROTAXIS 0.7032126188278198	-0.0009856896940618753	0.7071875929832458
		*TM_ROTANGLE 3.139657612732923
		*TM_SCALE 1	1	1
		*TM_SCALEAXIS 0	0	0
		*TM_SCALEAXISANG 0	0	0
	}
}
*HELPEROBJECT {
	*NODE_NAME "Bip01 Spine2"
	*NODE_PARENT "Bip01 Spine1"
	*NODE_TM {
		*NODE_NAME "Bip01 Spine2"
		*TM_ROW0 -4.15412250731606e-06	0.1802431344985962	0.9836248159408569
		*TM_ROW1 2.088414248646586e-06	-0.983627438545227	0.1802431344985962
		*TM_ROW2 1.0000026226043701	2.3240384052769514e-06	-1.5610128230036935e-06
		*TM_ROW3 -5.308035179041326e-05	-8.126399993896484	124.96099853515625
		*TM_POS -5.308035179041326e-05	-8.126399993896484	124.96099853515625
		*TM_ROTAXIS -0.7056521773338318	-0.06412020325660706	-0.7056530714035034
		*TM_ROTANGLE 3.013530691820481
		*TM_SCALE 1	1	1
		*TM_SCALEAXIS 0	0	0
		*TM_SCALEAXISANG 0	0	0
	}
}
*HELPEROBJECT {
	*NODE_NAME "Bip01 Neck"
	*NODE_PARENT "Bip01 Spine2"
	*NODE_TM {
		*NODE_NAME "Bip01 Neck"
		*TM_ROW0 -2.5307617761427537e-06	-0.167042076587677	0.9859488606452942
		*TM_ROW1 4.2933188524330035e-06	-0.9859479069709778	-0.167042076587677
		*TM_ROW2 0.9999991059303284	3.657499746623216e-06	5.028434316045605e-06
		*TM_ROW3 -6.308221054496244e-05	-2.716559648513794	154.45399475097656
		*TM_POS -6.308221054496244e-05	-2.716559648513794	154.45399475097656
		*TM_ROTAXIS 0.7058578133583069	-0.05936982110142708	0.7058604955673218
		*TM_ROTANGLE 3.0229865942941454
		*TM_SCALE 1	1	1
		*TM_SCALEAXIS 0	0	0
		*TM_SCALEAXISANG 0	0	0
	}
}
*HELPEROBJECT {
	*NODE_NAME "Bip01 Head"
	*NODE_PARENT "Bip01 Neck"
	*NODE_TM {
		*NODE_NAME "Bip01 Head"
		*TM_ROW0 -5.956960080766294e-08	1.8148481331081712e-06	1.0
		*TM_ROW1 -1.8263402807860984e-06	-1.0	1.8148480194213334e-06
		*TM_ROW2 1.0	-1.8263402807860984e-06	5.956959725494926e-08
		*TM_ROW3 -6.308220326900482e-05	-3.859008550643921	161.197998046875
		*TM_POS -6.308220326900482e-05	-3.859008550643921	161.197998046875
		*TM_ROTAXIS 0.7071067690849304	-4.063120950803523e-09	0.7071068286895752
		*TM_ROTANGLE 3.1415952282987445
		*TM_SCALE 1	1	1
		*TM_SCALEAXIS 0	0	0
		*TM_SCALEAXISANG 0	0	0
	}
}
*HELPEROBJECT {
	*NODE_NAME "ZS_HELMET"
	*NODE_PARENT "Bip01 Head"
	*NODE_TM {
		*NODE_NAME "ZS_HELMET"
		*TM_ROW0 1.0	5.494407554797187e-13	3.123656593258771e-14
		*TM_ROW1 -5.452961758349584e-13	0.9969173073768616	-0.07845930755138397
		*TM_ROW2 -7.424901080251012e-14	0.07845930755138397	0.9969173073768616
		*TM_ROW3 1.0000001566368155e-05	-7.062479019165039	173.70399475097656
		*TM_POS 1.0000001566368155e-05	-7.062479019165039	173.70399475097656
		*TM_ROTAXIS 0.9999983906745911	6.722300667505454e-13	-6.976451968204733e-12
		*TM_ROTANGLE 0.07854015460456738
		*TM_SCALE 1	1	1
		*TM_SCALEAXIS 0	0	0
		*TM_SCALEAXISANG 0	0	0
	}
}
*HELPEROBJECT {
	*NODE_NAME "Bip01 L Clavicle"
	*NODE_PARENT "Bip01 Neck"
	*NODE_TM {
		*NODE_NAME "Bip01 L Clavicle"
		*TM_ROW0 0.9352287650108337	-0.20389282703399658	-0.2894389033317566
		*TM_ROW1 0.15643517673015594	0.9713689088821411	-0.17880277335643768
		*TM_ROW2 0.3176085650920868	0.12194306403398514	0.9403481483459473
		*TM_ROW3 7.963926315307617	-1.2580387592315674	148.72900390625
		*TM_POS 7.963926315307617	-1.2580387592315674	148.72900390625
		*TM_ROTAXIS 0.3919394612312317	-0.791119396686554	0.4695884585380554
		*TM_ROTANGLE 0.39376025610889365
		*TM_SCALE 1	1	1
		*TM_SCALEAXIS 0	0	0
		*TM_SCALEAXISANG 0	0	0
	}
}
*HELPEROBJECT {
	*NODE_NAME "Bip01 L UpperArm"
	*NODE_PARENT "Bip01 L Clavicle"
	*NODE_TM {
		*NODE_NAME "Bip01 L UpperArm"
		*TM_ROW0 0.24622920155525208	0.09890279918909073	-0.9641522169113159
		*TM_ROW1 0.4127891957759857	0.8893448710441589	0.19664889574050903
		*TM_ROW2 0.8769129514694214	-0.4464122951030731	0.17815667390823364
		*TM_ROW3 20.426836013793945	-3.9750776290893555	144.87197875976562
		*TM_POS 20.426836013793945	-3.9750776290893555	144.87197875976562
		*TM_ROTAXIS -0.3255610466003418	-0.9320716261863708	0.15891051292419434
		*TM_ROTANGLE 1.4132803647490668
		*TM_SCALE 1	1	1
		*TM_SCALEAXIS 0	0	0
		*TM_SCALEAXISANG 0	0	0
	}
}
*HELPEROBJECT {
	*NODE_NAME "Bip01 L Forearm"
	*NODE_PARENT "Bip01 L UpperArm"
	*NODE_TM {
		*NODE_NAME "Bip01 L Forearm"
		*TM_ROW0 0.045512180775403976	-0.2918819785118103	-0.9553709030151367
		*TM_ROW1 0.4784890115261078	0.8458858728408813	-0.2356380820274353
		*TM_ROW2 0.87691330909729	-0.44641005992889404	0.1781604290008545
		*TM_ROW3 27.298133850097656	-1.2152576446533203	117.96599578857422
		*TM_POS 27.298133850097656	-1.2152576446533203	117.96599578857422
		*TM_ROTAXIS -0.10544978827238083	-0.9166967272758484	0.38541868329048157
		*TM_ROTANGLE 1.5360099986720697
		*TM_SCALE 1	1	1
		*TM_SCALEAXIS 0	0	0
		*TM_SCALEAXISANG 0	0	0
	}
}
*HELPEROBJECT {
	*NODE_NAME "Bip01 L Hand"
	*NODE_PARENT "Bip01 L Forearm"
	*NODE_TM {
		*NODE_NAME "Bip01 L Hand"
		*TM_ROW0 0.04551318660378456	-0.29188570380210876	-0.9553696513175964
		*TM_ROW1 -0.8765331506729126	0.4470804035663605	-0.17834995687007904
		*TM_ROW2 0.4791848361492157	0.8455305099487305	-0.23549942672252655
		*TM_ROW3 28.56413459777832	-9.334386825561523	91.39100646972656
		*TM_POS 28.56413459777832	-9.334386825561523	91.39100646972656
		*TM_ROTAXIS 0.5513913035392761	-0.7725520133972168	-0.31485074758529663
		*TM_ROTANGLE 1.9513698474096453
		*TM_SCALE 1	1	1
		*TM_SCALEAXIS 0	0	0
		*TM_SCALEAXISANG 0	0	0
	}
}
*HELPEROBJECT {
	*NODE_NAME "Bip01 L Finger0"
	*NODE_PARENT "Bip01 L Hand"
	*NODE_TM {
		*NODE_NAME "Bip01 L Finger0"
		*TM_ROW0 0.0455152802169323	-0.29188796877861023	-0.9553688764572144
		*TM_ROW1 -0.8769149780273438	0.4464048445224762	-0.17816486954689026
		*TM_ROW2 0.47848546504974365	0.8458865284919739	-0.2356426864862442
		*TM_ROW3 29.149934768676758	-13.090896606445312	79.0956039428711
		*TM_POS 29.149934768676758	-13.090896606445312	79.0956039428711
		*TM_ROTAXIS 0.5515804886817932	-0.7723109126091003	-0.3151106536388397
		*TM_ROTANGLE 1.9518097289030933
		*TM_SCALE 1	1	1
		*TM_SCALEAXIS 0	0	0
		*TM_SCALEAXISANG 0	0	0
	}
}
*HELPEROBJECT {
	*NODE_NAME "ZS_LEFTHAND"
	*NODE_PARENT "Bip01 L Hand"
	*NODE_TM {
		*NODE_NAME "ZS_LEFTHAND"
		*TM_ROW0 0.43560564517974854	0.8900620341300964	-0.134303480386734
		*TM_ROW1 0.18031255900859833	-0.2324615716934204	-0.9557453989982605
		*TM_ROW2 -0.88189297914505	0.39211153984069824	-0.2617509961128235
		*TM_ROW3 26.760498046875	-11.546797752380371	82.78568267822266
		*TM_POS 26.760498046875	-11.546797752380371	82.78568267822266
		*TM_ROTAXIS 0.7943216562271118	0.4405708909034729	-0.41827091574668884
		*TM_ROTANGLE 2.12857545977364
		*TM_SCALE 1	1	1
		*TM_SCALEAXIS 0	0	0
		*TM_SCALEAXISANG 0	0	0
	}
}
*HELPEROBJECT {
	*NODE_NAME "ZS_LEFTARM"
	*NODE_PARENT "Bip01 L Forearm"
	*NODE_TM {
		*NODE_NAME "ZS_LEFTARM"
		*TM_ROW0 0.0759921744465828	-0.15017616748809814	-0.9857343435287476
		*TM_ROW1 0.5244987607002258	0.8467914462089539	-0.08857366442680359
		*TM_ROW2 0.8480131030082703	-0.5102855563163757	0.14311674237251282
		*TM_ROW3 26.910104751586914	-7.678328990936279	110.05500793457031
		*TM_POS 26.910104751586914	-7.678328990936279	110.05500793457031
		*TM_ROTAXIS -0.21097049117088318	-0.9173718690872192	0.3375207185745239
		*TM_ROTANGLE 1.5378402423143773
		*TM_SCALE 1	1	1
		*TM_SCALEAXIS 0	0	0
		*TM_SCALEAXISANG 0	0	0
	}
}
*HELPEROBJECT {
	*NODE_NAME "Bip01 R Clavicle"
	*NODE_PARENT "Bip01 Neck"
	*NODE_TM {
		*NODE_NAME "Bip01 R Clavicle"
		*TM_ROW0 -0.9352259635925293	-0.20389896631240845	-0.2894403040409088
		*TM_ROW1 -0.1564425826072693	0.9713683724403381	-0.1787991225719452
		*TM_ROW2 0.31761011481285095	-0.12193694710731506	-0.94034743309021
		*TM_ROW3 -7.964043140411377	-1.2580589056015015	148.72900390625
		*TM_POS -7.964043140411377	-1.2580589056015015	148.72900390625
		*TM_ROTAXIS 0.09298011660575867	-0.9926391243934631	0.0775999203324318
		*TM_ROTANGLE 2.83083931079802
		*TM_SCALE 1	1	1
		*TM_SCALEAXIS 0	0	0
		*TM_SCALEAXISANG 0	0	0
	}
}
*HELPEROBJECT {
	*NODE_NAME "Bip01 R UpperArm"
	*NODE_PARENT "Bip01 R Clavicle"
	*NODE_TM {
		*NODE_NAME "Bip01 R UpperArm"
		*TM_ROW0 -0.24623210728168488	0.09889308363199234	-0.9641523957252502
		*TM_ROW1 -0.4127929210662842	0.8893446326255798	0.19664205610752106
		*TM_ROW2 0.8769103288650513	0.44641488790512085	-0.1781628429889679
		*TM_ROW3 -20.426958084106445	-3.975127696990967	144.87197875976562
		*TM_POS -20.426958084106445	-3.975127696990967	144.87197875976562
		*TM_ROTAXIS 0.1296105980873108	-0.9553531408309937	-0.26552101969718933
		*TM_ROTANGLE 1.8416199969667304
		*TM_SCALE 1	1	1
		*TM_SCALEAXIS 0	0	0
		*TM_SCALEAXISANG 0	0	0
	}
}
*HELPEROBJECT {
	*NODE_NAME "Bip01 R Forearm"
	*NODE_PARENT "Bip01 R UpperArm"
	*NODE_TM {
		*NODE_NAME "Bip01 R Forearm"
		*TM_ROW0 -0.04550870880484581	-0.2918890714645386	-0.9553688168525696
		*TM_ROW1 -0.47848671674728394	0.8458848595619202	-0.23564636707305908
		*TM_ROW2 0.8769146203994751	0.44640734791755676	-0.1781601756811142
		*TM_ROW3 -27.298255920410156	-1.215338110923767	117.96599578857422
		*TM_POS -27.298255920410156	-1.215338110923767	117.96599578857422
		*TM_ROTAXIS 0.3472786247730255	-0.9329366087913513	-0.09500918537378311
		*TM_ROTANGLE 1.760830176941646
		*TM_SCALE 1	1	1
		*TM_SCALEAXIS 0	0	0
		*TM_SCALEAXISANG 0	0	0
	}
}
*HELPEROBJECT {
	*NODE_NAME "Bip01 R Hand"
	*NODE_PARENT "Bip01 R Forearm"
	*NODE_TM {
		*NODE_NAME "Bip01 R Hand"
		*TM_ROW0 -0.045511189848184586	-0.29188498854637146	-0.9553699493408203
		*TM_ROW1 0.8765295147895813	0.4470875561237335	-0.1783498376607895
		*TM_ROW2 0.4791916310787201	-0.845526933670044	0.2354983687400818
		*TM_ROW3 -28.56425666809082	-9.33444881439209	91.39109802246094
		*TM_POS -28.56425666809082	-9.33444881439209	91.39109802246094
		*TM_ROTAXIS -0.3392203450202942	-0.7293902635574341	0.5940700769424438
		*TM_ROTANGLE 1.753270022808707
		*TM_SCALE 1	1	1
		*TM_SCALEAXIS 0	0	0
		*TM_SCALEAXISANG 0	0	0
	}
}
*HELPEROBJECT {
	*NODE_NAME "Bip01 R Finger0"
	*NODE_PARENT "Bip01 R Hand"
	*NODE_TM {
		*NODE_NAME "Bip01 R Finger0"
		*TM_ROW0 -0.04550524428486824	-0.2918770909309387	-0.9553726315498352
		*TM_ROW1 0.8769134283065796	0.44641295075416565	-0.17815238237380981
		*TM_ROW2 0.47848930954933167	-0.8458860516548157	0.2356368601322174
		*TM_ROW3 -29.14995574951172	-13.090899467468262	79.09559631347656
		*TM_POS -29.14995574951172	-13.090899467468262	79.09559631347656
		*TM_ROTAXIS -0.3395202159881592	-0.7290708422660828	0.5942908525466919
		*TM_ROTANGLE 1.7535395763068937
		*TM_SCALE 1	1	1
		*TM_SCALEAXIS 0	0	0
		*TM_SCALEAXISANG 0	0	0
	}
}
*HELPEROBJECT {
	*NODE_NAME "ZS_RIGHTHAND"
	*NODE_PARENT "Bip01 R Hand"
	*NODE_TM {
		*NODE_NAME "ZS_RIGHTHAND"
		*TM_ROW0 -0.4643445909023285	0.8564170002937317	-0.22568628191947937
		*TM_ROW1 0.17786169052124023	0.3398061990737915	0.9235242605209351
		*TM_ROW2 0.8676114082336426	0.3886924386024475	-0.31011098623275757
		*TM_ROW3 -20.938899993896484	-19.98520278930664	85.8931884765625
		*TM_POS -20.938899993896484	-19.98520278930664	85.8931884765625
		*TM_ROTAXIS -0.3838106393814087	-0.78458172082901	-0.48695069551467896
		*TM_ROTANGLE 2.370751033986021
		*TM_SCALE 1	1	1
		*TM_SCALEAXIS 0	0	0
		*TM_SCALEAXISANG 0	0	0
	}
}
*HELPEROBJECT {
	*NODE_NAME "ZS_CROSSBOW"
	*NODE_PARENT "Bip01 Spine2"
	*NODE_TM {
		*NODE_NAME "ZS_CROSSBOW"
		*TM_ROW0 -0.3826862871646881	-0.11146403849124908	0.917129635810852
		*TM_ROW1 -0.9238782525062561	0.04617137461900711	-0.3798908591270447
		*TM_ROW2 -9.044735520546965e-07	-0.9926952123641968	-0.12064826488494873
		*TM_ROW3 -14.433999061584473	10.591500282287598	165.98001098632812
		*TM_POS -14.433999061584473	10.591500282287598	165.98001098632812
		*TM_ROTAXIS -0.4473293125629425	0.6694785356521606	-0.5930386781692505
		*TM_ROTANGLE 2.3870454006969672
		*TM_SCALE 1	1	1
		*TM_SCALEAXIS 0	0	0
		*TM_SCALEAXISANG 0	0	0
	}
}
*HELPEROBJECT {
	*NODE_NAME "ZS_LONGSWORD"
	*NODE_PARENT "Bip01 Spine2"
	*NODE_TM {
		*NODE_NAME "ZS_LONGSWORD"
		*TM_ROW0 -0.4998290240764618	-0.09150069952011108	0.861277163028717
		*TM_ROW1 -0.8657286763191223	0.08281952142715454	-0.4936138689517975
		*TM_ROW2 -0.026164468377828598	-0.9923549890518188	-0.12061025947332382
		*TM_ROW3 -18.159299850463867	6.926290035247803	157.63999938964844
		*TM_POS -18.159299850463867	6.926290035247803	157.63999938964844
		*TM_ROTAXIS -0.38996002078056335	0.693880558013916	-0.6053600907325745
		*TM_ROTANGLE 2.44777459020148
		*TM_SCALE 1	1	1
		*TM_SCALEAXIS 0	0	0
		*TM_SCALEAXISANG 0	0	0
	}
}
*HELPEROBJECT {
	*NODE_NAME "ZS_SHIELD"
	*NODE_PARENT "Bip01 Spine2"
	*NODE_TM {
		*NODE_NAME "ZS_SHIELD"
		*TM_ROW0 -0.01386810839176178	0.11419562995433807	-0.9933614730834961
		*TM_ROW1 -0.9083928465843201	0.41375455260276794	0.06024659425020218
		*TM_ROW2 0.41788771748542786	0.9031979441642761	0.09799649566411972
		*TM_ROW3 8.76511001586914	9.528200149536133	131.875
		*TM_POS 8.76511001586914	9.528200149536133	131.875
		*TM_ROTAXIS 0.4354214072227478	-0.7289721965789795	-0.5282118320465088
		*TM_ROTANGLE 1.824569973357356
		*TM_SCALE 1	1	1
		*TM_SCALEAXIS 0	0	0
		*TM_SCALEAXISANG 0	0	0
	}
}
*HELPEROBJECT {
	*NODE_NAME "ZS_BOW"
	*NODE_PARENT "Bip01 Spine2"
	*NODE_TM {
		*NODE_NAME "ZS_BOW"
		*TM_ROW0 -0.3418163061141968	-0.08682286739349365	0.935747504234314
		*TM_ROW1 0.011943748220801353	0.9952413439750671	0.096705861389637
		*TM_ROW2 -0.939690887928009	0.044231973588466644	-0.3391527235507965
		*TM_ROW3 0.5012000203132629	12.414299964904785	124.54999542236328
		*TM_POS 0.5012000203132629	12.414299964904785	124.54999542236328
		*TM_ROTAXIS -0.027929915115237236	0.9982265830039978	0.05256982147693634
		*TM_ROTANGLE 1.9207601700388697
		*TM_SCALE 1	1	1
		*TM_SCALEAXIS 0	0	0
		*TM_SCALEAXISANG 0	0	0
	}
}
*HELPEROBJECT {
	*NODE_NAME "ZS_SWORD"
	*NODE_PARENT "Bip01 Spine"
	*NODE_TM {
		*NODE_NAME "ZS_SWORD"
		*TM_ROW0 4.4106869268034643e-07	-0.347171813249588	0.9378015398979187
		*TM_ROW1 7.884247565925762e-08	0.9378015398979187	0.347171813249588
		*TM_ROW2 -1.0	-7.884317199113866e-08	4.410685505717993e-07
		*TM_ROW3 17.50149917602539	-4.362109184265137	106.36698150634766
		*TM_POS 17.50149917602539	-4.362109184265137	106.36698150634766
		*TM_ROTAXIS -0.1736699491739273	0.969369649887085	0.1736699491739273
		*TM_ROTANGLE 1.6019001317400978
		*TM_SCALE 1	1	1
		*TM_SCALEAXIS 0	0	0
		*TM_SCALEAXISANG 0	0	0
	}
}
*HELPEROBJECT {
	*NODE_NAME "Bip01 L Thigh"
	*NODE_PARENT "Bip01 Pelvis"
	*NODE_TM {
		*NODE_NAME "Bip01 L Thigh"
		*TM_ROW0 0.0536821223795414	-0.036723989993333817	-0.9960134625434875
		*TM_ROW1 -0.0022199722006917	-0.9953859448432922	0.03665819391608238
		*TM_ROW2 -0.9966877698898315	0.0003160376218147576	-0.0497906431555748
		*TM_ROW3 9.010167121887207	-8.011289596557617	99.94960021972656
		*TM_POS 9.010167121887207	-8.011289596557617	99.94960021972656
		*TM_ROTAXIS -0.7244288921356201	0.013441653922200203	0.6877882480621338
		*TM_ROTANGLE 3.1165067082734472
		*TM_SCALE 1	1	1
		*TM_SCALEAXIS 0	0	0
		*TM_SCALEAXISANG 0	0	0
	}
}
*HELPEROBJECT {
	*NODE_NAME "Bip01 L Calf"
	*NODE_PARENT "Bip01 L Thigh"
	*NODE_TM {
		*NODE_NAME "Bip01 L Calf"
		*TM_ROW0 0.05250971391797066	0.1975248008966446	-0.978744387626648
		*TM_ROW1 0.01041128858923912	-0.9799928069114685	-0.19725027680397034
		*TM_ROW2 -0.9984228610992432	0.00013779953587800264	-0.053232599049806595
		*TM_ROW3 11.114835739135742	-9.458450317382812	60.68769836425781
		*TM_POS 11.114835739135742	-9.458450317382812	60.68769836425781
		*TM_ROTAXIS 0.7237957715988159	0.07215837389230728	-0.686120331287384
		*TM_ROTANGLE 3.004810344728479
		*TM_SCALE 1	1	1
		*TM_SCALEAXIS 0	0	0
		*TM_SCALEAXISANG 0	0	0
	}
}
*HELPEROBJECT {
	*NODE_NAME "Bip01 L Foot"
	*NODE_PARENT "Bip01 L Calf"
	*NODE_TM {
		*NODE_NAME "Bip01 L Foot"
		*TM_ROW0 6.5245253608736675e-06	9.329791282652877e-06	-1.000053882598877
		*TM_ROW1 0.17366094887256622	-0.9849141836166382	1.3071310149825877e-06
		*TM_ROW2 -0.9848602414131165	-0.17366093397140503	-0.00011505364091135561
		*TM_ROW3 13.693436622619629	0.2406686544418335	12.626707077026367
		*TM_POS 13.693436622619629	0.2406686544418335	12.626707077026367
		*TM_ROTAXIS -0.7057981491088867	-0.06175009906291962	0.7057549357414246
		*TM_ROTANGLE 3.0182547495850467
		*TM_SCALE 1	1	1
		*TM_SCALEAXIS 0	0	0
		*TM_SCALEAXISANG 0	0	0
	}
}
*HELPEROBJECT {
	*NODE_NAME "Bip01 L Toe0"
	*NODE_PARENT "Bip01 L Foot"
	*NODE_TM {
		*NODE_NAME "Bip01 L Toe0"
		*TM_ROW0 0.1736469864845276	-0.9848126173019409	4.14549367633299e-06
		*TM_ROW1 8.871935278875753e-06	2.529207847601356e-07	1.0000054836273193
		*TM_ROW2 -0.9848126173019409	-0.1736525148153305	4.218862613925012e-06
		*TM_ROW3 17.625537872314453	-22.059101104736328	8.940696716308594e-06
		*TM_POS 17.625537872314453	-22.059101104736328	8.940696716308594e-06
		*TM_ROTAXIS -0.6444017887115479	0.5407177209854126	0.5407203435897827
		*TM_ROTANGLE 1.996721230668829
		*TM_SCALE 1	1	1
		*TM_SCALEAXIS 0	0	0
		*TM_SCALEAXISANG 0	0	0
	}
}
*HELPEROBJECT {
	*NODE_NAME "Bip01 R Thigh"
	*NODE_PARENT "Bip01 Pelvis"
	*NODE_TM {
		*NODE_NAME "Bip01 R Thigh"
		*TM_ROW0 -0.048160359263420105	-0.036843910813331604	-0.9976620674133301
		*TM_ROW1 0.0022405481431633234	-0.9983727931976318	0.036778438836336136
		*TM_ROW2 -0.9983396530151367	-0.00044682901352643967	0.04915773123502731
		*TM_ROW3 -9.010272026062012	-8.011320114135742	99.94960021972656
		*TM_POS -9.010272026062012	-8.011320114135742	99.94960021972656
		*TM_ROTAXIS -0.6894565224647522	0.012549621053040028	0.723891019821167
		*TM_ROTANGLE 3.1145932790421353
		*TM_SCALE 1	1	1
		*TM_SCALEAXIS 0	0	0
		*TM_SCALEAXISANG 0	0	0
	}
}
*HELPEROBJECT {
	*NODE_NAME "Bip01 R Calf"
	*NODE_PARENT "Bip01 R Thigh"
	*NODE_TM {
		*NODE_NAME "Bip01 R Calf"
		*TM_ROW0 -0.05224832892417908	0.19757339358329773	-0.9788343906402588
		*TM_ROW1 -0.010652716271579266	-0.980174720287323	-0.19728602468967438
		*TM_ROW2 -0.998518168926239	0.00010831272084033117	0.053434260189533234
		*TM_ROW3 -11.115463256835938	-9.4585599899292	60.68779373168945
		*TM_POS -11.115463256835938	-9.4585599899292	60.68779373168945
		*TM_ROTAXIS 0.686346173286438	0.06844109296798706	-0.7240085601806641
		*TM_ROTANGLE 2.9972915190505107
		*TM_SCALE 1	1	1
		*TM_SCALEAXIS 0	0	0
		*TM_SCALEAXISANG 0	0	0
	}
}
*HELPEROBJECT {
	*NODE_NAME "Bip01 R Foot"
	*NODE_PARENT "Bip01 R Calf"
	*NODE_TM {
		*NODE_NAME "Bip01 R Foot"
		*TM_ROW0 5.364891330827959e-05	4.643446663976647e-05	-0.9999648332595825
		*TM_ROW1 -0.17367030680179596	-0.9847330451011658	-4.894314770353958e-05
		*TM_ROW2 -0.9847681522369385	0.17367030680179596	2.4979324734886177e-05
		*TM_ROW3 -13.693562507629395	0.24065077304840088	12.62669563293457
		*TM_POS -13.693562507629395	0.24065077304840088	12.62669563293457
		*TM_ROTAXIS 0.7057505249977112	-0.06173795834183693	-0.7057403326034546
		*TM_ROTANGLE 3.0182056828435453
		*TM_SCALE 1	1	1
		*TM_SCALEAXIS 0	0	0
		*TM_SCALEAXISANG 0	0	0
	}
}
*HELPEROBJECT {
	*NODE_NAME "Bip01 R Toe0"
	*NODE_PARENT "Bip01 R Foot"
	*NODE_TM {
		*NODE_NAME "Bip01 R Toe0"
		*TM_ROW0 -0.17365321516990662	-0.9848099946975708	-1.2766448890033644e-05
		*TM_ROW1 -3.557968739187345e-05	-9.321634024672676e-06	1.0000026226043701
		*TM_ROW2 -0.9848099946975708	0.1736505776643753	-3.6509449273580685e-05
		*TM_ROW3 -17.625560760498047	-22.059200286865234	2.5331974029541016e-05
		*TM_POS -17.625560760498047	-22.059200286865234	2.5331974029541016e-05
		*TM_ROTAXIS -0.5102829337120056	0.6081249117851257	0.608110785484314
		*TM_ROTANGLE 2.1979522138505785
		*TM_SCALE 1	1	1
		*TM_SCALEAXIS 0	0	0
		*TM_SCALEAXISANG 0	0	0
	}
}
*GEOMOBJECT {
	*NODE_NAME "zm_Skin"
	*NODE_PARENT "Bip01"
	*NODE_TM {
		*NODE_NAME "zm_Skin"
		*TM_ROW0 -1.0	-3.8941436741879443e-07	0.0
		*TM_ROW1 3.8941436741879443e-07	-1.0	0.0
		*TM_ROW2 0.0	0.0	1.0
		*TM_ROW3 0.0	0.0	0.0
		*TM_POS 0.0	0.0	0.0
		*TM_ROTAXIS 0.0	0.0	1.0
		*TM_ROTANGLE 3.1415922641754257
		*TM_SCALE 1	1	1
		*TM_SCALEAXIS 0	0	0
		*TM_SCALEAXISANG 0	0	0
	}
	*MATERIAL_REF 0
	*MESH_SOFTSKIN {
		*TIMEVALUE 0
		*MESH_NUMVERTEX 339
		*MESH_NUMFACES 576
		*MESH_VERTEX_LIST {
			*MESH_VERTEX 0	-31.642892837524414	-4.852055549621582	158.2120361328125
			*MESH_VERTEX 1	32.34550476074219	-4.61409330368042	157.87896728515625
			*MESH_VERTEX 2	-15.122598648071289	-6.559425354003906	113.10999298095703
			*MESH_VERTEX 3	-4.370199203491211	-28.320100784301758	59.03099060058594
			*MESH_VERTEX 4	-16.284597396850586	-6.691436290740967	114.50529479980469
			*MESH_VERTEX 5	18.87559700012207	4.357037544250488	58.820308685302734
			*MESH_VERTEX 6	-9.506261825561523	7.182187080383301	2.487839937210083
			*MESH_VERTEX 7	-13.324393272399902	-18.79430389404297	63.26919937133789
			*MESH_VERTEX 8	-12.694987297058105	-23.53500747680664	1.3797399997711182
			*MESH_VERTEX 9	14.250801086425781	-6.198873996734619	114.0669937133789
			*MESH_VERTEX 10	7.368326187133789	-16.33219337463379	63.117408752441406
			*MESH_VERTEX 11	16.462596893310547	9.209595680236816	2.3774380683898926
			*MESH_VERTEX 12	22.607908248901367	-18.380590438842773	1.522208333015442
			*MESH_VERTEX 13	-18.113500595092773	3.1006016731262207	59.03778839111328
			*MESH_VERTEX 14	20.747804641723633	-8.640286445617676	109.5199966430664
			*MESH_VERTEX 15	33.35040283203125	-6.353733539581299	88.12830352783203
			*MESH_VERTEX 16	35.20399475097656	0.47101521492004395	107.88199615478516
			*MESH_VERTEX 17	-20.74858856201172	-8.639888763427734	109.5199966430664
			*MESH_VERTEX 18	-33.32728958129883	-6.435202598571777	88.02359771728516
			*MESH_VERTEX 19	-35.20328903198242	0.47055667638778687	107.88199615478516
			*MESH_VERTEX 20	15.412796974182129	-1.6066136360168457	62.49390411376953
			*MESH_VERTEX 21	-7.414860248565674	-3.394852876663208	62.64558410644531
			*MESH_VERTEX 22	-17.156408309936523	4.322481155395508	145.16600036621094
			*MESH_VERTEX 23	-21.6370906829834	-8.123008728027344	107.22899627685547
			*MESH_VERTEX 24	-18.562902450561523	-11.769009590148926	141.69003295898438
			*MESH_VERTEX 25	34.021202087402344	-0.623996913433075	106.32499694824219
			*MESH_VERTEX 26	17.922996520996094	4.499391555786133	143.18997192382812
			*MESH_VERTEX 27	17.825706481933594	-11.67458724975586	142.9369659423828
			*MESH_VERTEX 28	30.666908264160156	-19.19338607788086	80.71458435058594
			*MESH_VERTEX 29	29.62000274658203	-6.62295389175415	88.9208984375
			*MESH_VERTEX 30	36.35870361328125	-10.69918441772461	80.33389282226562
			*MESH_VERTEX 31	-30.612882614135742	-19.280113220214844	80.81050109863281
			*MESH_VERTEX 32	-29.604387283325195	-6.676600933074951	88.85710144042969
			*MESH_VERTEX 33	-36.356201171875	-10.709914207458496	80.31999206542969
			*MESH_VERTEX 34	30.057191848754883	13.09771728515625	142.82098388671875
			*MESH_VERTEX 35	-24.635299682617188	13.023589134216309	133.58299255371094
			*MESH_VERTEX 36	0.11684573441743851	10.977797508239746	156.8190155029297
			*MESH_VERTEX 37	-0.14187955856323242	-19.20079803466797	113.55999755859375
			*MESH_VERTEX 38	17.298707962036133	-19.672992706298828	60.311912536621094
			*MESH_VERTEX 39	-0.14152668416500092	6.777300834655762	115.29100036621094
			*MESH_VERTEX 40	15.25150203704834	-6.2712721824646	114.96082305908203
			*MESH_VERTEX 41	-0.09740118682384491	-20.556049346923828	115.04719543457031
			*MESH_VERTEX 42	7.334168434143066	1.9039866924285889	156.75599670410156
			*MESH_VERTEX 43	0.03395969420671463	-10.253597259521484	148.5229949951172
			*MESH_VERTEX 44	-7.158100605010986	1.6397608518600464	156.656005859375
			*MESH_VERTEX 45	4.711582183837891	-8.078886985778809	163.40296936035156
			*MESH_VERTEX 46	23.22159767150879	2.849392890930176	106.54100036621094
			*MESH_VERTEX 47	-23.222198486328125	2.84867000579834	106.54100036621094
			*MESH_VERTEX 48	-34.010990142822266	-0.541102945804596	106.36499786376953
			*MESH_VERTEX 49	-24.446094512939453	1.2494498491287231	104.6259994506836
			*MESH_VERTEX 50	21.66930389404297	-8.25903606414795	107.20999145507812
			*MESH_VERTEX 51	24.462600708007812	1.1692630052566528	104.62699890136719
			*MESH_VERTEX 52	-0.1383640617132187	5.242620944976807	113.49699401855469
			*MESH_VERTEX 53	7.477369785308838	-1.2280268669128418	62.434505462646484
			*MESH_VERTEX 54	-15.011302947998047	-3.693606376647949	62.84428787231445
			*MESH_VERTEX 55	-22.310199737548828	-11.006109237670898	59.68268966674805
			*MESH_VERTEX 56	-32.60898971557617	-9.309651374816895	110.38899230957031
			*MESH_VERTEX 57	32.6095085144043	-9.310153007507324	110.38899230957031
			*MESH_VERTEX 58	-3.547790288925171	0.7449455261230469	167.0999755859375
			*MESH_VERTEX 59	-4.741306781768799	-7.856810092926025	163.31497192382812
			*MESH_VERTEX 60	31.503005981445312	-8.840463638305664	108.6449966430664
			*MESH_VERTEX 61	-18.40070152282715	-0.19649791717529297	14.738288879394531
			*MESH_VERTEX 62	-15.085893630981445	-9.108187675476074	12.490599632263184
			*MESH_VERTEX 63	-23.017587661743164	-18.37240982055664	1.2544200420379639
			*MESH_VERTEX 64	-31.611186981201172	-8.739532470703125	108.60600280761719
			*MESH_VERTEX 65	-12.686104774475098	-4.16859769821167	138.5120086669922
			*MESH_VERTEX 66	3.773799419403076	0.4988114833831787	167.1179656982422
			*MESH_VERTEX 67	26.55460548400879	-16.41939353942871	90.79029846191406
			*MESH_VERTEX 68	-26.528682708740234	-16.423208236694336	90.95169830322266
			*MESH_VERTEX 69	24.67560386657715	-15.470891952514648	77.32699584960938
			*MESH_VERTEX 70	-24.603090286254883	-15.595108032226562	77.42659759521484
			*MESH_VERTEX 71	8.317349433898926	0.5941563248634338	13.985109329223633
			*MESH_VERTEX 72	13.733102798461914	-6.589351654052734	16.48720932006836
			*MESH_VERTEX 73	11.806808471679688	-22.543092727661133	1.4394984245300293
			*MESH_VERTEX 74	26.03530502319336	-17.240684509277344	146.28697204589844
			*MESH_VERTEX 75	-25.565696716308594	-16.99091339111328	146.23802185058594
			*MESH_VERTEX 76	0.1404779553413391	-22.99429702758789	140.10398864746094
			*MESH_VERTEX 77	22.684904098510742	-5.939136981964111	146.8849639892578
			*MESH_VERTEX 78	-22.934101104736328	-6.231451988220215	146.2660369873047
			*MESH_VERTEX 79	13.528203964233398	-16.7239933013916	63.54500198364258
			*MESH_VERTEX 80	-30.91329574584961	-7.961081504821777	77.32659912109375
			*MESH_VERTEX 81	30.928302764892578	-7.930877685546875	77.32449340820312
			*MESH_VERTEX 82	-7.412073612213135	-18.4486026763916	62.69038772583008
			*MESH_VERTEX 83	27.664207458496094	-14.395792961120605	90.95780181884766
			*MESH_VERTEX 84	-27.645584106445312	-14.40010929107666	91.06800079345703
			*MESH_VERTEX 85	-25.139490127563477	-10.621308326721191	88.64199829101562
			*MESH_VERTEX 86	25.16929817199707	-10.575793266296387	88.58399963378906
			*MESH_VERTEX 87	14.322704315185547	-10.155890464782715	139.74996948242188
			*MESH_VERTEX 88	5.871474742889404	14.104398727416992	56.48570251464844
			*MESH_VERTEX 89	22.127595901489258	-4.548088550567627	117.07196044921875
			*MESH_VERTEX 90	10.576103210449219	-4.266295433044434	158.93698120117188
			*MESH_VERTEX 91	31.364404678344727	-14.131392478942871	91.64119720458984
			*MESH_VERTEX 92	-31.352584838867188	-14.133611679077148	91.7105941772461
			*MESH_VERTEX 93	13.292593955993652	9.94976806640625	124.0479965209961
			*MESH_VERTEX 94	24.147193908691406	13.479812622070312	133.53199768066406
			*MESH_VERTEX 95	10.080704689025879	-14.068796157836914	113.88700103759766
			*MESH_VERTEX 96	-32.625999450683594	6.466052532196045	152.77499389648438
			*MESH_VERTEX 97	10.080398559570312	3.9306342601776123	-2.1348915100097656
			*MESH_VERTEX 98	16.43060302734375	-14.864188194274902	131.06396484375
			*MESH_VERTEX 99	-19.902305603027344	-2.186828374862671	50.49858856201172
			*MESH_VERTEX 100	-30.569782257080078	-17.18341064453125	91.70040130615234
			*MESH_VERTEX 101	30.591205596923828	-17.182790756225586	91.56239318847656
			*MESH_VERTEX 102	18.617799758911133	0.9842283129692078	14.501410484313965
			*MESH_VERTEX 103	-22.84209442138672	-4.949708938598633	115.83599853515625
			*MESH_VERTEX 104	-19.07198715209961	-19.03970718383789	137.99501037597656
			*MESH_VERTEX 105	-10.352689743041992	-21.91370391845703	134.47999572753906
			*MESH_VERTEX 106	11.060406684875488	-15.387795448303223	114.1837158203125
			*MESH_VERTEX 107	13.729594230651855	7.069845676422119	16.15380859375
			*MESH_VERTEX 108	-16.43349838256836	4.118923664093018	-1.471039891242981
			*MESH_VERTEX 109	-8.194561004638672	-0.7168778777122498	14.044787406921387
			*MESH_VERTEX 110	20.100311279296875	-19.312986373901367	138.1519775390625
			*MESH_VERTEX 111	-24.01179313659668	-12.976607322692871	86.3196029663086
			*MESH_VERTEX 112	24.033803939819336	-12.948391914367676	86.25419616699219
			*MESH_VERTEX 113	-29.220687866210938	-5.626741886138916	87.25788879394531
			*MESH_VERTEX 114	-32.43088912963867	-7.404342174530029	89.194091796875
			*MESH_VERTEX 115	29.248401641845703	-5.541975021362305	87.33949279785156
			*MESH_VERTEX 116	32.44570541381836	-7.349113941192627	89.27040100097656
			*MESH_VERTEX 117	-7.9108476638793945	2.428617238998413	-1.701050043106079
			*MESH_VERTEX 118	-12.431493759155273	-14.76285171508789	113.99987030029297
			*MESH_VERTEX 119	18.785198211669922	4.6172261238098145	-1.605291485786438
			*MESH_VERTEX 120	4.286760330200195	-0.6536818742752075	47.824607849121094
			*MESH_VERTEX 121	4.936463356018066	-6.379647731781006	61.508514404296875
			*MESH_VERTEX 122	-0.014161413535475731	9.392412185668945	121.1189956665039
			*MESH_VERTEX 123	24.32259178161621	5.982801914215088	136.42994689941406
			*MESH_VERTEX 124	31.413190841674805	-2.727135181427002	118.89195251464844
			*MESH_VERTEX 125	28.689199447631836	-4.8781962394714355	136.68795776367188
			*MESH_VERTEX 126	21.90850257873535	0.35741567611694336	146.8709716796875
			*MESH_VERTEX 127	16.452198028564453	-7.654379844665527	130.66395568847656
			*MESH_VERTEX 128	16.500497817993164	-9.72191047668457	134.98095703125
			*MESH_VERTEX 129	-10.199793815612793	-4.2263078689575195	158.9230194091797
			*MESH_VERTEX 130	11.299696922302246	3.2972044944763184	47.57050704956055
			*MESH_VERTEX 131	7.432949542999268	4.910522937774658	159.86099243164062
			*MESH_VERTEX 132	18.47010040283203	9.475972175598145	152.59197998046875
			*MESH_VERTEX 133	-18.079795837402344	9.317816734313965	152.83702087402344
			*MESH_VERTEX 134	-7.11346960067749	4.947772026062012	159.82901000976562
			*MESH_VERTEX 135	24.111494064331055	4.168242454528809	116.9509506225586
			*MESH_VERTEX 136	17.00349235534668	2.933389902114868	136.63294982910156
			*MESH_VERTEX 137	13.604000091552734	-4.787779808044434	137.56097412109375
			*MESH_VERTEX 138	21.381702423095703	-7.9602508544921875	59.45440673828125
			*MESH_VERTEX 139	26.563596725463867	-6.444025993347168	118.11096954345703
			*MESH_VERTEX 140	-15.94108772277832	-24.6466064453125	1.6488698720932007
			*MESH_VERTEX 141	-16.46768569946289	-23.03940773010254	6.995429992675781
			*MESH_VERTEX 142	-16.27469253540039	-21.827808380126953	60.29520034790039
			*MESH_VERTEX 143	-13.40820598602295	5.6622233390808105	16.457088470458984
			*MESH_VERTEX 144	-11.25539493560791	-13.89460277557373	113.16200256347656
			*MESH_VERTEX 145	-5.706174373626709	11.97109603881836	55.54499816894531
			*MESH_VERTEX 146	-21.784006118774414	-0.13610343635082245	147.5180206298828
			*MESH_VERTEX 147	-21.4495906829834	-12.037710189819336	8.946430206298828
			*MESH_VERTEX 148	-11.609603881835938	1.9293944835662842	48.31248474121094
			*MESH_VERTEX 149	-20.421993255615234	-1.6357789039611816	107.59699249267578
			*MESH_VERTEX 150	-4.219069957733154	-2.0491418838500977	46.89888381958008
			*MESH_VERTEX 151	20.421201705932617	-1.6354873180389404	107.59699249267578
			*MESH_VERTEX 152	-6.404728412628174	-4.381712436676025	164.97796630859375
			*MESH_VERTEX 153	26.870304107666016	-11.139092445373535	110.55400085449219
			*MESH_VERTEX 154	-26.87038803100586	-11.138510704040527	110.5530014038086
			*MESH_VERTEX 155	3.6533613204956055	-26.354101181030273	58.93180465698242
			*MESH_VERTEX 156	19.279695510864258	-0.9821130633354187	49.75020217895508
			*MESH_VERTEX 157	6.3727922439575195	-4.799816608428955	164.99896240234375
			*MESH_VERTEX 158	-15.517291069030762	-5.10392951965332	156.06703186035156
			*MESH_VERTEX 159	-27.12489128112793	-9.57628059387207	89.66069793701172
			*MESH_VERTEX 160	-29.413393020629883	-6.086522102355957	82.67659759521484
			*MESH_VERTEX 161	-30.63839340209961	-7.281210899353027	85.70928955078125
			*MESH_VERTEX 162	34.00429916381836	-12.27009105682373	90.27670288085938
			*MESH_VERTEX 163	-33.9843864440918	-12.308712005615234	90.28389739990234
			*MESH_VERTEX 164	-27.185091018676758	-16.43450927734375	78.35549926757812
			*MESH_VERTEX 165	-25.48948860168457	-14.532110214233398	77.47589111328125
			*MESH_VERTEX 166	-24.20899200439453	-15.8781099319458	77.02828979492188
			*MESH_VERTEX 167	-27.555191040039062	-17.33201026916504	83.46479797363281
			*MESH_VERTEX 168	-25.902990341186523	-17.77931022644043	77.90740203857422
			*MESH_VERTEX 169	27.25450325012207	-16.315792083740234	78.26039123535156
			*MESH_VERTEX 170	25.5614070892334	-14.405691146850586	77.39108276367188
			*MESH_VERTEX 171	24.28360366821289	-15.750991821289062	76.9234848022461
			*MESH_VERTEX 172	27.59310531616211	-17.278593063354492	83.3699951171875
			*MESH_VERTEX 173	25.97520637512207	-17.659990310668945	77.79228210449219
			*MESH_VERTEX 174	-14.151694297790527	-18.151004791259766	53.54029083251953
			*MESH_VERTEX 175	-13.010799407958984	-7.935624599456787	16.232389450073242
			*MESH_VERTEX 176	27.141803741455078	-9.545722961425781	89.64240264892578
			*MESH_VERTEX 177	29.415401458740234	-6.075538635253906	82.69489288330078
			*MESH_VERTEX 178	30.635601043701172	-7.282888889312744	85.7200927734375
			*MESH_VERTEX 179	-11.329900741577148	0.6831061244010925	114.57061767578125
			*MESH_VERTEX 180	-4.783313274383545	10.52609634399414	99.83799743652344
			*MESH_VERTEX 181	9.737730979919434	0.7908142805099487	114.28553009033203
			*MESH_VERTEX 182	4.709195613861084	10.503801345825195	100.10800170898438
			*MESH_VERTEX 183	-0.06563593447208405	6.72537088394165	107.74099731445312
			*MESH_VERTEX 184	14.93360710144043	-23.96149253845215	1.8072081804275513
			*MESH_VERTEX 185	15.16540813446045	-22.20669174194336	7.197568416595459
			*MESH_VERTEX 186	14.845202445983887	-8.063093185424805	12.641297340393066
			*MESH_VERTEX 187	10.046306610107422	-12.863395690917969	7.5930280685424805
			*MESH_VERTEX 188	33.459999084472656	-11.284790992736816	90.87718963623047
			*MESH_VERTEX 189	0.1171857938170433	-12.323897361755371	151.48599243164062
			*MESH_VERTEX 190	15.783002853393555	-5.059449195861816	156.0889892578125
			*MESH_VERTEX 191	-33.44889450073242	-11.309713363647461	90.86979675292969
			*MESH_VERTEX 192	21.1079044342041	-11.721890449523926	9.043037414550781
			*MESH_VERTEX 193	24.115198135375977	2.1529030799865723	144.30996704101562
			*MESH_VERTEX 194	-10.242000579833984	-0.11198149621486664	113.28900146484375
			*MESH_VERTEX 195	0.10416128486394882	12.122002601623535	141.86199951171875
			*MESH_VERTEX 196	-13.242303848266602	9.940337181091309	123.8010025024414
			*MESH_VERTEX 197	-19.12159538269043	-3.721386194229126	123.42900085449219
			*MESH_VERTEX 198	-26.74068832397461	-10.255511283874512	108.468994140625
			*MESH_VERTEX 199	33.23349380493164	6.635817050933838	152.1209716796875
			*MESH_VERTEX 200	22.806804656982422	-3.4925363063812256	140.990966796875
			*MESH_VERTEX 201	26.626800537109375	-10.332592964172363	108.45500183105469
			*MESH_VERTEX 202	-30.038101196289062	12.775182723999023	143.19302368164062
			*MESH_VERTEX 203	-26.75979995727539	-6.342902660369873	117.53701782226562
			*MESH_VERTEX 204	-16.44859504699707	-14.421303749084473	131.05499267578125
			*MESH_VERTEX 205	-10.529692649841309	-14.254003524780273	7.6296000480651855
			*MESH_VERTEX 206	-14.699604034423828	-8.58809757232666	139.59402465820312
			*MESH_VERTEX 207	-15.566503524780273	-2.4913790225982666	131.22300720214844
			*MESH_VERTEX 208	-15.619705200195312	-4.879908084869385	135.15802001953125
			*MESH_VERTEX 209	-16.78520965576172	2.8152005672454834	136.75502014160156
			*MESH_VERTEX 210	-23.377904891967773	4.490477561950684	136.25201416015625
			*MESH_VERTEX 211	10.669610977172852	-22.029191970825195	134.62698364257812
			*MESH_VERTEX 212	-16.15070152282715	14.767991065979004	140.64500427246094
			*MESH_VERTEX 213	15.818296432495117	-2.4660804271698	131.23394775390625
