*3DSMAX_ASCIIEXPORT	110
*COMMENT "[ Kerrax ASCII Model Exporter ] - Feb 25 2013"
*SCENE {
	*SCENE_FILENAME "untitled.blend"
	*SCENE_FIRSTFRAME 0
	*SCENE_LASTFRAME 100
	*SCENE_FRAMESPEED 25
	*SCENE_TICKSPERFRAME 192
	*SCENE_BACKGROUND_STATIC 0	0	0
	*SCENE_AMBIENT_STATIC 0.2	0.2	0.2
}
*MATERIAL_LIST {
	*MATERIAL_COUNT 1
	*MATERIAL 0 {
		*MATERIAL_NAME "MultiMtl #0"
		*MATERIAL_CLASS "Multi/Sub-Object"
		*NUMSUBMTLS 2
		*SUBMATERIAL 0 {
			*MATERIAL_NAME "Body"
			*MATERIAL_CLASS "Standard"
			*MATERIAL_DIFFUSE 0.513725996017456	0.4117650091648102	0.3098039925098419
			*MAP_DIFFUSE {
				*BITMAP "HUM_BODY_NAKED_V0_C0.TGA"
			}
		}
		*SUBMATERIAL 1 {
			*MATERIAL_NAME "Rags"
			*MATERIAL_CLASS "Standard"
			*MATERIAL_DIFFUSE 0.21568599343299866	0.19607800245285034	0.1647060066461563
			*MAP_DIFFUSE {
				*BITMAP "HUM_BEG_ARMOR_V0.TGA"
			}
		}
	}
}
*HELPEROBJECT {
	*NODE_NAME "Bip01"
	*NODE_TM {
		*NODE_NAME "Bip01"
		*TM_ROW0 -3.422854177870249e-08	-1.0	0.0
		*TM_ROW1 1.0	-3.422854177870249e-08	0.0
		*TM_ROW2 0.0	0.0	1.0
		*TM_ROW3 0.0	-7.377449989318848	99.94960021972656
		*TM_POS 0.0	-7.377449989318848	99.94960021972656
		*TM_ROTAXIS 0.0	0.0	1.0
		*TM_ROTANGLE 1.5707963610234383
		*TM_SCALE 1	1	1
		*TM_SCALEAXIS 0	0	0
		*TM_SCALEAXISANG 0	0	0
	}
}
*HELPEROBJECT {
	*NODE_NAME "Bip01 Pelvis"
	*NODE_PARENT "Bip01"
	*NODE_TM {
		*NODE_NAME "Bip01 Pelvis"
		*TM_ROW0 1.1523623300035979e-07	1.8223673805550789e-06	1.0
		*TM_ROW1 -1.7603244941710727e-06	-1.0	1.8223676079287543e-06
		*TM_ROW2 1.0	-1.7603247215447482e-06	-1.152362472112145e-07
		*TM_ROW3 -5.308608160703443e-05	-8.011300086975098	99.94960021972656
		*TM_POS -5.308608160703443e-05	-8.011300086975098	99.94960021972656
		*TM_ROTAXIS 0.7071068286895752	2.193547210538327e-08	0.7071067690849304
		*TM_ROTANGLE 3.1415951869356884
		*TM_SCALE 1	1	1
		*TM_SCALEAXIS 0	0	0
		*TM_SCALEAXISANG 0	0	0
	}
}
*HELPEROBJECT {
	*NODE_NAME "Bip01 Spine"
	*NODE_PARENT "Bip01 Pelvis"
	*NODE_TM {
		*NODE_NAME "Bip01 Spine"
		*TM_ROW0 -0.0005641761817969382	-0.02058696746826172	0.9999747276306152
		*TM_ROW1 -2.0932745883328607e-06	-1.0001615285873413	-0.020586969330906868
		*TM_ROW2 1.0001866817474365	-9.862595106824301e-06	0.00019066521781496704
		*TM_ROW3 -5.134259117767215e-05	-7.922159194946289	102.3499984741211
		*TM_POS -5.134259117767215e-05	-7.922159194946289	102.3499984741211
		*TM_ROTAXIS 0.7070205807685852	-0.007280604913830757	0.7072874903678894
		*TM_ROTANGLE 3.127040154572292
		*TM_SCALE 1	1	1
		*TM_SCALEAXIS 0	0	0
		*TM_SCALEAXISANG 0	0	0
	}
}
*HELPEROBJECT {
	*NODE_NAME "Bip01 Spine1"
	*NODE_PARENT "Bip01 Spine"
	*NODE_TM {
		*NODE_NAME "Bip01 Spine1"
		*TM_ROW0 -0.0343911349773407	-0.0027573811821639538	1.0105465650558472
		*TM_ROW1 -0.0001175243960460648	-1.02164626121521	-0.002760871546342969
		*TM_ROW2 1.0105502605438232	-0.00018185820954386145	0.012740641832351685
		*TM_ROW3 -5.129857163410634e-05	-8.114419937133789	112.17500305175781
		*TM_POS -5.129857163410634e-05	-8.114419937133789	112.17500305175781
		*TM_ROTAXIS 0.702587366104126	-0.0010229717008769512	0.7191627025604248
		*TM_ROTANGLE 3.1397572841993915
		*TM_SCALE 1	1	1
		*TM_SCALEAXIS 0	0	0
		*TM_SCALEAXISANG 0	0	0
	}
}
*HELPEROBJECT {
	*NODE_NAME "Bip01 Spine2"
	*NODE_PARENT "Bip01 Spine1"
	*NODE_TM {
		*NODE_NAME "Bip01 Spine2"
		*TM_ROW0 -4.013790203316603e-06	0.18024273216724396	0.9836241602897644
		*TM_ROW1 2.2192082269612e-06	-0.9836260676383972	0.18024273216724396
		*TM_ROW2 1.0000019073486328	2.556125309638446e-06	-3.0591445465688594e-07
		*TM_ROW3 -5.367344419937581e-05	-8.126399993896484	124.96099853515625
		*TM_POS -5.367344419937581e-05	-8.126399993896484	124.96099853515625
		*TM_ROTAXIS -0.7056517004966736	-0.06412014365196228	-0.7056530117988586
		*TM_ROTANGLE 3.0135310619063547
		*TM_SCALE 1	1	1
		*TM_SCALEAXIS 0	0	0
		*TM_SCALEAXISANG 0	0	0
	}
}
*HELPEROBJECT {
	*NODE_NAME "Bip01 Neck"
	*NODE_PARENT "Bip01 Spine2"
	*NODE_TM {
		*NODE_NAME "Bip01 Neck"
		*TM_ROW0 -3.4498777949920623e-06	-0.16704262793064117	0.9859512448310852
		*TM_ROW1 4.018022082163952e-06	-0.9859527945518494	-0.16704262793064117
		*TM_ROW2 1.0000015497207642	3.6419685329747153e-06	1.0209872698396794e-06
		*TM_ROW3 -7.334167457884178e-05	-2.716557264328003	154.45399475097656
		*TM_POS -7.334167457884178e-05	-2.716557264328003	154.45399475097656
		*TM_ROTAXIS 0.7058592438697815	-0.059369999915361404	0.7058607935905457
		*TM_ROTANGLE 3.0229864458005546
		*TM_SCALE 1	1	1
		*TM_SCALEAXIS 0	0	0
		*TM_SCALEAXISANG 0	0	0
	}
}
*HELPEROBJECT {
	*NODE_NAME "Bip01 Head"
	*NODE_PARENT "Bip01 Neck"
	*NODE_TM {
		*NODE_NAME "Bip01 Head"
		*TM_ROW0 -5.795349125037319e-07	1.7887715557662887e-06	1.0
		*TM_ROW1 -1.964566536116763e-06	-1.0	1.7887704188979114e-06
		*TM_ROW2 1.0	-1.9645656266220612e-06	5.795345714432187e-07
		*TM_ROW3 -7.506190740969032e-05	-3.8590073585510254	161.197998046875
		*TM_POS -7.506190740969032e-05	-3.8590073585510254	161.197998046875
		*TM_ROTAXIS 0.7071065902709961	-6.215293524292065e-08	0.7071070075035095
		*TM_ROTANGLE 3.1415953075999212
		*TM_SCALE 1	1	1
		*TM_SCALEAXIS 0	0	0
		*TM_SCALEAXISANG 0	0	0
	}
}
*HELPEROBJECT {
	*NODE_NAME "ZS_HELMET"
	*NODE_PARENT "Bip01 Head"
	*NODE_TM {
		*NODE_NAME "ZS_HELMET"
		*TM_ROW0 1.0	7.584713022576461e-13	9.130120704609057e-14
		*TM_ROW1 -7.489697338887435e-13	0.9969173073768616	-0.07845933735370636
		*TM_ROW2 -1.5052890845693861e-13	0.07845933735370636	0.9969173073768616
		*TM_ROW3 9.999991561926436e-06	-7.062477111816406	173.70399475097656
		*TM_POS 9.999991561926436e-06	-7.062477111816406	173.70399475097656
		*TM_ROTAXIS 0.9999986886978149	1.54111554247216e-12	-9.606498756198345e-12
		*TM_ROTANGLE 0.07854016045927371
		*TM_SCALE 1	1	1
		*TM_SCALEAXIS 0	0	0
		*TM_SCALEAXISANG 0	0	0
	}
}
*HELPEROBJECT {
	*NODE_NAME "Bip01 L Clavicle"
	*NODE_PARENT "Bip01 Neck"
	*NODE_TM {
		*NODE_NAME "Bip01 L Clavicle"
		*TM_ROW0 0.9352287650108337	-0.2038930058479309	-0.28943881392478943
		*TM_ROW1 0.15643538534641266	0.9713689088821411	-0.1788027435541153
		*TM_ROW2 0.31760847568511963	0.12194300442934036	0.940348207950592
		*TM_ROW3 7.963918685913086	-1.2580384016036987	148.72900390625
		*TM_POS 7.963918685913086	-1.2580384016036987	148.72900390625
		*TM_ROTAXIS 0.3919394910335541	-0.791119396686554	0.46958908438682556
		*TM_ROTANGLE 0.39376014020757233
		*TM_SCALE 1	1	1
		*TM_SCALEAXIS 0	0	0
		*TM_SCALEAXISANG 0	0	0
	}
}
*HELPEROBJECT {
	*NODE_NAME "Bip01 L UpperArm"
	*NODE_PARENT "Bip01 L Clavicle"
	*NODE_TM {
		*NODE_NAME "Bip01 L UpperArm"
		*TM_ROW0 0.24622999131679535	0.09890317916870117	-0.964151918888092
		*TM_ROW1 0.4127887189388275	0.8893449306488037	0.19664952158927917
		*TM_ROW2 0.8769128918647766	-0.446412056684494	0.1781572848558426
		*TM_ROW3 20.42682456970215	-3.975078821182251	144.87197875976562
		*TM_POS 20.42682456970215	-3.975078821182251	144.87197875976562
		*TM_ROTAXIS -0.3255612850189209	-0.9320715665817261	0.1589100956916809
		*TM_ROTANGLE 1.4132796517083832
		*TM_SCALE 1	1	1
		*TM_SCALEAXIS 0	0	0
		*TM_SCALEAXISANG 0	0	0
	}
}
*HELPEROBJECT {
	*NODE_NAME "Bip01 L Forearm"
	*NODE_PARENT "Bip01 L UpperArm"
	*NODE_TM {
		*NODE_NAME "Bip01 L Forearm"
		*TM_ROW0 0.045513518154621124	-0.29188162088394165	-0.9553709030151367
		*TM_ROW1 0.47848859429359436	0.8458863496780396	-0.23563724756240845
		*TM_ROW2 0.8769133687019348	-0.4464094340801239	0.17816129326820374
		*TM_ROW3 27.298141479492188	-1.2152507305145264	117.96598815917969
		*TM_POS 27.298141479492188	-1.2152507305145264	117.96598815917969
		*TM_ROTAXIS -0.10544989258050919	-0.9166967868804932	0.3854182958602905
		*TM_ROTANGLE 1.5360087943485419
		*TM_SCALE 1	1	1
		*TM_SCALEAXIS 0	0	0
		*TM_SCALEAXISANG 0	0	0
	}
}
*HELPEROBJECT {
	*NODE_NAME "Bip01 L Hand"
	*NODE_PARENT "Bip01 L Forearm"
	*NODE_TM {
		*NODE_NAME "Bip01 L Hand"
		*TM_ROW0 0.045510321855545044	-0.2918665409088135	-0.955375611782074
		*TM_ROW1 -0.8765339851379395	0.44708341360092163	-0.1783381700515747
		*TM_ROW2 0.47918349504470825	0.8455354571342468	-0.2354840189218521
		*TM_ROW3 28.56415557861328	-9.334369659423828	91.39094543457031
		*TM_POS 28.56415557861328	-9.334369659423828	91.39094543457031
		*TM_ROTAXIS 0.5513858199119568	-0.7725518941879272	-0.314860463142395
		*TM_ROTANGLE 1.9513615535689641
		*TM_SCALE 1	1	1
		*TM_SCALEAXIS 0	0	0
		*TM_SCALEAXISANG 0	0	0
	}
}
*HELPEROBJECT {
	*NODE_NAME "Bip01 L Finger0"
	*NODE_PARENT "Bip01 L Hand"
	*NODE_TM {
		*NODE_NAME "Bip01 L Finger0"
		*TM_ROW0 0.045510295778512955	-0.29186657071113586	-0.955375611782074
		*TM_ROW1 -0.8769155740737915	0.44640952348709106	-0.178150475025177
		*TM_ROW2 0.4784848988056183	0.8458914756774902	-0.23562608659267426
		*TM_ROW3 29.14990997314453	-13.090646743774414	79.095458984375
		*TM_POS 29.14990997314453	-13.090646743774414	79.095458984375
		*TM_ROTAXIS 0.5515734553337097	-0.7723115682601929	-0.3151213526725769
		*TM_ROTANGLE 1.9518010075959238
		*TM_SCALE 1	1	1
		*TM_SCALEAXIS 0	0	0
		*TM_SCALEAXISANG 0	0	0
	}
}
*HELPEROBJECT {
	*NODE_NAME "ZS_LEFTHAND"
	*NODE_PARENT "Bip01 L Hand"
	*NODE_TM {
		*NODE_NAME "ZS_LEFTHAND"
		*TM_ROW0 0.43560531735420227	0.890062153339386	-0.13430346548557281
		*TM_ROW1 0.18031269311904907	-0.23246139287948608	-0.955745279788971
		*TM_ROW2 -0.8818930387496948	0.3921111226081848	-0.2617509365081787
		*TM_ROW3 26.7604923248291	-11.546696662902832	82.78569030761719
		*TM_POS 26.7604923248291	-11.546696662902832	82.78569030761719
		*TM_ROTAXIS 0.7943214774131775	0.44057101011276245	-0.4182709753513336
		*TM_ROTANGLE 2.1285757248092705
		*TM_SCALE 1	1	1
		*TM_SCALEAXIS 0	0	0
		*TM_SCALEAXISANG 0	0	0
	}
}
*HELPEROBJECT {
	*NODE_NAME "ZS_LEFTARM"
	*NODE_PARENT "Bip01 L Forearm"
	*NODE_TM {
		*NODE_NAME "ZS_LEFTARM"
		*TM_ROW0 0.0759919285774231	-0.1501760333776474	-0.9857344627380371
		*TM_ROW1 0.5244989991188049	0.8467913269996643	-0.08857361227273941
		*TM_ROW2 0.8480129837989807	-0.5102858543395996	0.14311648905277252
		*TM_ROW3 26.91010856628418	-7.6783246994018555	110.05500793457031
		*TM_POS 26.91010856628418	-7.6783246994018555	110.05500793457031
		*TM_ROTAXIS -0.2109706699848175	-0.9173718690872192	0.3375207781791687
		*TM_ROTANGLE 1.5378404614212822
		*TM_SCALE 1	1	1
		*TM_SCALEAXIS 0	0	0
		*TM_SCALEAXISANG 0	0	0
	}
}
*HELPEROBJECT {
	*NODE_NAME "Bip01 R Clavicle"
	*NODE_PARENT "Bip01 Neck"
	*NODE_TM {
		*NODE_NAME "Bip01 R Clavicle"
		*TM_ROW0 -0.9352262616157532	-0.2038988620042801	-0.28943997621536255
		*TM_ROW1 -0.15644235908985138	0.9713683724403381	-0.1787995994091034
		*TM_ROW2 0.31760987639427185	-0.12193752080202103	-0.9403476119041443
		*TM_ROW3 -7.964046478271484	-1.258056879043579	148.72900390625
		*TM_POS -7.964046478271484	-1.258056879043579	148.72900390625
		*TM_ROTAXIS 0.0929800346493721	-0.9926391839981079	0.07760018855333328
		*TM_ROTANGLE 2.830839603191927
		*TM_SCALE 1	1	1
		*TM_SCALEAXIS 0	0	0
		*TM_SCALEAXISANG 0	0	0
	}
}
*HELPEROBJECT {
	*NODE_NAME "Bip01 R UpperArm"
	*NODE_PARENT "Bip01 R Clavicle"
	*NODE_TM {
		*NODE_NAME "Bip01 R UpperArm"
		*TM_ROW0 -0.24623145163059235	0.09889291226863861	-0.9641525149345398
		*TM_ROW1 -0.4127923250198364	0.8893450498580933	0.19664150476455688
		*TM_ROW2 0.8769106864929199	0.44641411304473877	-0.17816248536109924
		*TM_ROW3 -20.426965713500977	-3.975125312805176	144.87197875976562
		*TM_POS -20.426965713500977	-3.975125312805176	144.87197875976562
		*TM_ROTAXIS 0.12961047887802124	-0.9553532600402832	-0.2655205726623535
		*TM_ROTANGLE 1.841619385137948
		*TM_SCALE 1	1	1
		*TM_SCALEAXIS 0	0	0
		*TM_SCALEAXISANG 0	0	0
	}
}
*HELPEROBJECT {
	*NODE_NAME "Bip01 R Forearm"
	*NODE_PARENT "Bip01 R UpperArm"
	*NODE_TM {
		*NODE_NAME "Bip01 R Forearm"
		*TM_ROW0 -0.04550865292549133	-0.29188936948776245	-0.9553688168525696
		*TM_ROW1 -0.4784870445728302	0.8458846211433411	-0.23564662039279938
		*TM_ROW2 0.8769145607948303	0.44640761613845825	-0.17816033959388733
		*TM_ROW3 -27.298269271850586	-1.2153366804122925	117.96598815917969
		*TM_POS -27.298269271850586	-1.2153366804122925	117.96598815917969
		*TM_ROTAXIS 0.347278892993927	-0.9329365491867065	-0.0950092077255249
		*TM_ROTANGLE 1.7608302301995347
		*TM_SCALE 1	1	1
		*TM_SCALEAXIS 0	0	0
		*TM_SCALEAXISANG 0	0	0
	}
}
*HELPEROBJECT {
	*NODE_NAME "Bip01 R Hand"
	*NODE_PARENT "Bip01 R Forearm"
	*NODE_TM {
		*NODE_NAME "Bip01 R Hand"
		*TM_ROW0 -0.045498039573431015	-0.2919045090675354	-0.9553645253181458
		*TM_ROW1 0.87652987241745	0.44708752632141113	-0.17834797501564026
		*TM_ROW2 0.4791921079158783	-0.8455201387405396	0.23552152514457703
		*TM_ROW3 -28.564266204833984	-9.334453582763672	91.39097595214844
		*TM_POS -28.564266204833984	-9.334453582763672	91.39097595214844
		*TM_ROTAXIS -0.3392167091369629	-0.7293853163719177	0.5940781831741333
		*TM_ROTANGLE 1.7532516981725728
		*TM_SCALE 1	1	1
		*TM_SCALEAXIS 0	0	0
		*TM_SCALEAXISANG 0	0	0
	}
}
*HELPEROBJECT {
	*NODE_NAME "Bip01 R Finger0"
	*NODE_PARENT "Bip01 R Hand"
	*NODE_TM {
		*NODE_NAME "Bip01 R Finger0"
		*TM_ROW0 -0.04549803212285042	-0.291904479265213	-0.9553645849227905
		*TM_ROW1 0.8769131898880005	0.44641050696372986	-0.17815934121608734
		*TM_ROW2 0.4784902334213257	-0.8458778262138367	0.23566418886184692
		*TM_ROW3 -29.149795532226562	-13.091156959533691	79.09565734863281
		*TM_POS -29.149795532226562	-13.091156959533691	79.09565734863281
		*TM_ROTAXIS -0.3395114839076996	-0.7290650010108948	0.5943028926849365
		*TM_ROTANGLE 1.7535233682155718
		*TM_SCALE 1	1	1
		*TM_SCALEAXIS 0	0	0
		*TM_SCALEAXISANG 0	0	0
	}
}
*HELPEROBJECT {
	*NODE_NAME "ZS_RIGHTHAND"
	*NODE_PARENT "Bip01 R Hand"
	*NODE_TM {
		*NODE_NAME "ZS_RIGHTHAND"
		*TM_ROW0 -0.46434471011161804	0.8564170002937317	-0.225685253739357
		*TM_ROW1 0.1778627634048462	0.3398057520389557	0.9235241413116455
		*TM_ROW2 0.8676109910011292	0.38869255781173706	-0.3101117014884949
		*TM_ROW3 -20.938894271850586	-19.98519515991211	85.89318084716797
		*TM_POS -20.938894271850586	-19.98519515991211	85.89318084716797
		*TM_ROTAXIS -0.38381093740463257	-0.7845816016197205	-0.486950546503067
		*TM_ROTANGLE 2.3707522005053363
		*TM_SCALE 1	1	1
		*TM_SCALEAXIS 0	0	0
		*TM_SCALEAXISANG 0	0	0
	}
}
*HELPEROBJECT {
	*NODE_NAME "ZS_CROSSBOW"
	*NODE_PARENT "Bip01 Spine2"
	*NODE_TM {
		*NODE_NAME "ZS_CROSSBOW"
		*TM_ROW0 -0.38268688321113586	-0.11146433651447296	0.9171295762062073
		*TM_ROW1 -0.9238782525062561	0.04617201164364815	-0.37989121675491333
		*TM_ROW2 -1.4740704727955745e-06	-0.9926953315734863	-0.12064900249242783
		*TM_ROW3 -14.433999061584473	10.591496467590332	165.97998046875
		*TM_POS -14.433999061584473	10.591496467590332	165.97998046875
		*TM_ROTAXIS -0.44732916355133057	0.6694789528846741	-0.5930384993553162
		*TM_ROTANGLE 2.387045457232765
		*TM_SCALE 1	1	1
		*TM_SCALEAXIS 0	0	0
		*TM_SCALEAXISANG 0	0	0
	}
}
*HELPEROBJECT {
	*NODE_NAME "ZS_LONGSWORD"
	*NODE_PARENT "Bip01 Spine2"
	*NODE_TM {
		*NODE_NAME "ZS_LONGSWORD"
		*TM_ROW0 -0.4998287260532379	-0.09150044620037079	0.8612775802612305
		*TM_ROW1 -0.8657290935516357	0.08281974494457245	-0.4936133921146393
		*TM_ROW2 -0.02616499364376068	-0.9923551082611084	-0.12061037123203278
		*TM_ROW3 -18.159299850463867	6.926287651062012	157.63998413085938
		*TM_POS -18.159299850463867	6.926287651062012	157.63998413085938
		*TM_ROTAXIS -0.3899601399898529	0.6938806772232056	-0.6053600311279297
		*TM_ROTANGLE 2.4477737975133502
		*TM_SCALE 1	1	1
		*TM_SCALEAXIS 0	0	0
		*TM_SCALEAXISANG 0	0	0
	}
}
*HELPEROBJECT {
	*NODE_NAME "ZS_SHIELD"
	*NODE_PARENT "Bip01 Spine2"
	*NODE_TM {
		*NODE_NAME "ZS_SHIELD"
		*TM_ROW0 -0.01386841107159853	0.11419560760259628	-0.9933614730834961
		*TM_ROW1 -0.908393144607544	0.41375380754470825	0.0602467842400074
		*TM_ROW2 0.41788703203201294	0.9031983017921448	0.09799639135599136
		*TM_ROW3 8.76511001586914	9.528197288513184	131.87498474121094
		*TM_POS 8.76511001586914	9.528197288513184	131.87498474121094
		*TM_ROTAXIS 0.43542152643203735	-0.7289719581604004	-0.5282120704650879
		*TM_ROTANGLE 1.824570568331618
		*TM_SCALE 1	1	1
		*TM_SCALEAXIS 0	0	0
		*TM_SCALEAXISANG 0	0	0
	}
}
*HELPEROBJECT {
	*NODE_NAME "ZS_BOW"
	*NODE_PARENT "Bip01 Spine2"
	*NODE_TM {
		*NODE_NAME "ZS_BOW"
		*TM_ROW0 -0.34181660413742065	-0.08682283759117126	0.9357473850250244
		*TM_ROW1 0.011943893507122993	0.9952413439750671	0.09670590609312057
		*TM_ROW2 -0.9396907687187195	0.04423215240240097	-0.3391530215740204
		*TM_ROW3 0.5012000203132629	12.414297103881836	124.54999542236328
		*TM_POS 0.5012000203132629	12.414297103881836	124.54999542236328
		*TM_ROTAXIS -0.027929844334721565	0.9982265830039978	0.05256989225745201
		*TM_ROTANGLE 1.920760514452241
		*TM_SCALE 1	1	1
		*TM_SCALEAXIS 0	0	0
		*TM_SCALEAXISANG 0	0	0
	}
}
*HELPEROBJECT {
	*NODE_NAME "ZS_SWORD"
	*NODE_PARENT "Bip01 Spine"
	*NODE_TM {
		*NODE_NAME "ZS_SWORD"
		*TM_ROW0 4.4103495611125254e-07	-0.347171813249588	0.9378015398979187
		*TM_ROW1 1.6178829298496566e-07	0.9378015398979187	0.347171813249588
		*TM_ROW2 -1.0	-1.9718766619547523e-09	4.6966727040853584e-07
		*TM_ROW3 17.501501083374023	-4.362110614776611	106.36700439453125
		*TM_POS 17.501501083374023	-4.362110614776611	106.36700439453125
		*TM_ROTAXIS -0.17366990447044373	0.969369649887085	0.1736699789762497
		*TM_ROTANGLE 1.6019001110697464
		*TM_SCALE 1	1	1
		*TM_SCALEAXIS 0	0	0
		*TM_SCALEAXISANG 0	0	0
	}
}
*HELPEROBJECT {
	*NODE_NAME "Bip01 L Thigh"
	*NODE_PARENT "Bip01 Pelvis"
	*NODE_TM {
		*NODE_NAME "Bip01 L Thigh"
		*TM_ROW0 0.053470857441425323	-0.03679049015045166	-0.9979034066200256
		*TM_ROW1 -0.0021631065756082535	-0.9993482828140259	0.036727357655763626
		*TM_ROW2 -0.9985790252685547	0.00019426130165811628	-0.053539521992206573
		*TM_ROW3 9.010167121887207	-8.0112886428833	99.94960021972656
		*TM_POS 9.010167121887207	-8.0112886428833	99.94960021972656
		*TM_ROTAXIS -0.7257224917411804	0.013421028852462769	0.6878658533096313
		*TM_ROTANGLE 3.116419837635581
		*TM_SCALE 1	1	1
		*TM_SCALEAXIS 0	0	0
		*TM_SCALEAXISANG 0	0	0
	}
}
*HELPEROBJECT {
	*NODE_NAME "Bip01 L Calf"
	*NODE_PARENT "Bip01 L Thigh"
	*NODE_TM {
		*NODE_NAME "Bip01 L Calf"
		*TM_ROW0 0.05250826105475426	0.19755242764949799	-0.9788870811462402
		*TM_ROW1 0.010392301715910435	-0.9802966117858887	-0.19727899134159088
		*TM_ROW2 -0.9985684156417847	0.00018630610429681838	-0.05353068560361862
		*TM_ROW3 11.114828109741211	-9.458454132080078	60.68769836425781
		*TM_POS 11.114828109741211	-9.458454132080078	60.68769836425781
		*TM_ROTAXIS 0.7239007949829102	0.0721510797739029	-0.6861224174499512
		*TM_ROTANGLE 3.00477646935646
		*TM_SCALE 1	1	1
		*TM_SCALEAXIS 0	0	0
		*TM_SCALEAXISANG 0	0	0
	}
}
*HELPEROBJECT {
	*NODE_NAME "Bip01 L Foot"
	*NODE_PARENT "Bip01 L Calf"
	*NODE_TM {
		*NODE_NAME "Bip01 L Foot"
		*TM_ROW0 -1.0207635341430432e-06	7.581226782349404e-06	-1.0000005960464478
		*TM_ROW1 0.1736527383327484	-0.9848081469535828	-7.539683338109171e-06
		*TM_ROW2 -0.984807550907135	-0.1736527383327484	-1.495594801781408e-06
		*TM_ROW3 13.693391799926758	0.24066567420959473	12.626680374145508
		*TM_POS 13.693391799926758	0.24066567420959473	12.626680374145508
		*TM_ROTAXIS -0.7057576775550842	-0.06175008416175842	0.7057574987411499
		*TM_ROTANGLE 3.0182598110731127
		*TM_SCALE 1	1	1
		*TM_SCALEAXIS 0	0	0
		*TM_SCALEAXISANG 0	0	0
	}
}
*HELPEROBJECT {
	*NODE_NAME "Bip01 L Toe0"
	*NODE_PARENT "Bip01 L Foot"
	*NODE_TM {
		*NODE_NAME "Bip01 L Toe0"
		*TM_ROW0 0.1736462116241455	-0.984808087348938	5.458406576508423e-06
		*TM_ROW1 4.8302799768862315e-06	6.438885066017974e-06	0.9999999403953552
		*TM_ROW2 -0.984808087348938	-0.17364616692066193	5.911823336646194e-06
		*TM_ROW3 17.625490188598633	-22.059110641479492	-2.086162567138672e-05
		*TM_POS 17.625490188598633	-22.059110641479492	-2.086162567138672e-05
		*TM_ROTAXIS -0.6443977355957031	0.5407180190086365	0.5407176613807678
		*TM_ROTANGLE 1.9967295570520358
		*TM_SCALE 1	1	1
		*TM_SCALEAXIS 0	0	0
		*TM_SCALEAXISANG 0	0	0
	}
}
*HELPEROBJECT {
	*NODE_NAME "Bip01 R Thigh"
	*NODE_PARENT "Bip01 Pelvis"
	*NODE_TM {
		*NODE_NAME "Bip01 R Thigh"
		*TM_ROW0 -0.05339802801609039	-0.03677762672305107	-0.9978729486465454
		*TM_ROW1 0.0020617337431758642	-0.9992800951004028	0.0367199182510376
		*TM_ROW2 -0.9985483288764954	-9.578301978763193e-05	0.0534810796380043
		*TM_ROW3 -9.010270118713379	-8.011321067810059	99.94960021972656
		*TM_POS -9.010270118713379	-8.011321067810059	99.94960021972656
		*TM_ROTAXIS -0.6878843903541565	0.01261916570365429	0.7256956100463867
		*TM_ROTANGLE 3.1148293675650764
		*TM_SCALE 1	1	1
		*TM_SCALEAXIS 0	0	0
		*TM_SCALEAXISANG 0	0	0
	}
}
*HELPEROBJECT {
	*NODE_NAME "Bip01 R Calf"
	*NODE_PARENT "Bip01 R Thigh"
	*NODE_TM {
		*NODE_NAME "Bip01 R Calf"
		*TM_ROW0 -0.05250320956110954	0.19753926992416382	-0.9788875579833984
		*TM_ROW1 -0.010495811700820923	-0.9802941679954529	-0.19726026058197021
		*TM_ROW2 -0.9985651969909668	-8.265471115009859e-05	0.05354274809360504
		*TM_ROW3 -11.11545181274414	-9.458564758300781	60.68779373168945
		*TM_POS -11.11545181274414	-9.458564758300781	60.68779373168945
		*TM_ROTAXIS 0.6862977743148804	0.06849013268947601	-0.7240884304046631
		*TM_ROTANGLE 2.9974408412871005
		*TM_SCALE 1	1	1
		*TM_SCALEAXIS 0	0	0
		*TM_SCALEAXISANG 0	0	0
	}
}
*HELPEROBJECT {
	*NODE_NAME "Bip01 R Foot"
	*NODE_PARENT "Bip01 R Calf"
	*NODE_TM {
		*NODE_NAME "Bip01 R Foot"
		*TM_ROW0 5.087404588266509e-06	-6.890378244861495e-06	-0.9999987483024597
		*TM_ROW1 -0.1736522614955902	-0.9848044514656067	6.124338597146561e-06
		*TM_ROW2 -0.9848057627677917	0.1736522614955902	-3.66824360753526e-06
		*TM_ROW3 -13.693557739257812	0.24064704775810242	12.626668930053711
		*TM_POS -13.693557739257812	0.24064704775810242	12.626668930053711
		*TM_ROTAXIS 0.7057585120201111	-0.06174959987401962	-0.705755352973938
		*TM_ROTANGLE 3.0182592860307675
		*TM_SCALE 1	1	1
		*TM_SCALEAXIS 0	0	0
		*TM_SCALEAXISANG 0	0	0
	}
}
*HELPEROBJECT {
	*NODE_NAME "Bip01 R Toe0"
	*NODE_PARENT "Bip01 R Foot"
	*NODE_TM {
		*NODE_NAME "Bip01 R Toe0"
		*TM_ROW0 -0.17365102469921112	-0.9848071336746216	3.640338491095463e-06
		*TM_ROW1 3.406969199204468e-06	3.1771814974490553e-06	0.9999999403953552
		*TM_ROW2 -0.9848071336746216	0.1736510992050171	2.8990618829993764e-06
		*TM_ROW3 -17.625553131103516	-22.059207916259766	-1.043081283569336e-05
		*TM_POS -17.625553131103516	-22.059207916259766	-1.043081283569336e-05
		*TM_ROTAXIS -0.5102710723876953	0.6081215143203735	0.6081213355064392
		*TM_ROTANGLE 2.197925511096943
		*TM_SCALE 1	1	1
		*TM_SCALEAXIS 0	0	0
		*TM_SCALEAXISANG 0	0	0
	}
}
*GEOMOBJECT {
	*NODE_NAME "zm_Skin"
	*NODE_PARENT "Bip01"
	*NODE_TM {
		*NODE_NAME "zm_Skin"
		*TM_ROW0 -1.0	8.026785280890181e-07	0.0
		*TM_ROW1 -8.026785280890181e-07	-1.0	0.0
		*TM_ROW2 0.0	0.0	1.0
		*TM_ROW3 0.0	0.0	0.0
		*TM_POS 0.0	0.0	0.0
		*TM_ROTAXIS 0.0	0.0	1.0
		*TM_ROTANGLE 3.141593456268321
		*TM_SCALE 1	1	1
		*TM_SCALEAXIS 0	0	0
		*TM_SCALEAXISANG 0	0	0
	}
	*MATERIAL_REF 0
	*MESH_SOFTSKIN {
		*TIMEVALUE 0
		*MESH_NUMVERTEX 374
		*MESH_NUMFACES 676
		*MESH_VERTEX_LIST {
			*MESH_VERTEX 0	-25.031599044799805	-11.963983535766602	93.29249572753906
			*MESH_VERTEX 1	24.891191482543945	-8.01059627532959	91.689208984375
			*MESH_VERTEX 2	31.24372673034668	-5.400058269500732	91.21086883544922
			*MESH_VERTEX 3	-25.41530990600586	-7.850749969482422	91.37234497070312
			*MESH_VERTEX 4	29.554866790771484	-12.866873741149902	93.24524688720703
			*MESH_VERTEX 5	25.337488174438477	-12.178895950317383	93.30085754394531
			*MESH_VERTEX 6	-29.835113525390625	-12.699605941772461	93.06846618652344
			*MESH_VERTEX 7	-31.48772430419922	-5.22632360458374	90.97454833984375
			*MESH_VERTEX 8	-28.741762161254883	-4.99193811416626	90.60392761230469
			*MESH_VERTEX 9	28.18869972229004	-4.553788661956787	90.69532012939453
			*MESH_VERTEX 10	32.13972473144531	-9.823522567749023	92.3444595336914
			*MESH_VERTEX 11	-32.1712760925293	-10.117176055908203	92.29974365234375
			*MESH_VERTEX 12	-29.078411102294922	-6.524299144744873	79.1510009765625
			*MESH_VERTEX 13	26.25209617614746	-15.893006324768066	84.2052993774414
			*MESH_VERTEX 14	-23.685213088989258	-13.990190505981445	79.00890350341797
			*MESH_VERTEX 15	-26.205411911010742	-15.834787368774414	85.11610412597656
			*MESH_VERTEX 16	22.666196823120117	-11.607505798339844	87.09349822998047
			*MESH_VERTEX 17	23.619396209716797	-13.999003410339355	78.15441131591797
			*MESH_VERTEX 18	-22.584611892700195	-11.521490097045898	87.95439910888672
			*MESH_VERTEX 19	29.033794403076172	-6.539078235626221	78.26741027832031
			*MESH_VERTEX 20	28.530899047851562	-17.406505584716797	80.03900909423828
			*MESH_VERTEX 21	34.386295318603516	-9.423778533935547	81.0426025390625
			*MESH_VERTEX 22	-28.563011169433594	-17.378986358642578	80.99930572509766
			*MESH_VERTEX 23	-34.3856086730957	-9.386004447937012	82.03260040283203
			*MESH_VERTEX 24	-26.244609832763672	-14.854887008666992	80.01900482177734
			*MESH_VERTEX 25	-23.833515167236328	-16.024991989135742	84.42681121826172
			*MESH_VERTEX 26	26.196796417236328	-14.864903450012207	79.14479064941406
			*MESH_VERTEX 27	23.869993209838867	-16.078004837036133	83.5509033203125
			*MESH_VERTEX 28	23.2372989654541	-14.274703979492188	77.73651123046875
			*MESH_VERTEX 29	-23.309911727905273	-14.269187927246094	78.58699798583984
			*MESH_VERTEX 30	-28.9182071685791	-5.901678562164307	87.589111328125
			*MESH_VERTEX 31	-27.6422061920166	-4.664927959442139	84.58269500732422
			*MESH_VERTEX 32	28.98729705810547	-5.975966930389404	86.70020294189453
			*MESH_VERTEX 33	27.678302764892578	-4.720337867736816	83.72239685058594
			*MESH_VERTEX 34	-24.565711975097656	-12.929290771484375	79.08480834960938
			*MESH_VERTEX 35	24.501798629760742	-12.92990493774414	78.2553939819336
			*MESH_VERTEX 36	-24.99151611328125	-16.196590423583984	79.51710510253906
			*MESH_VERTEX 37	24.93239402770996	-16.20970344543457	78.62590789794922
			*MESH_VERTEX 38	-21.900711059570312	-13.87328815460205	82.8555908203125
			*MESH_VERTEX 39	21.91379737854004	-13.914007186889648	82.02769470214844
			*MESH_VERTEX 40	24.586196899414062	-14.628905296325684	88.59549713134766
			*MESH_VERTEX 41	-24.48501205444336	-14.534791946411133	89.49820709228516
			*MESH_VERTEX 42	29.42269515991211	-17.75940704345703	81.64480590820312
			*MESH_VERTEX 43	-29.417312622070312	-17.71768569946289	82.62068939208984
			*MESH_VERTEX 44	32.14449691772461	-6.64896821975708	86.20870208740234
			*MESH_VERTEX 45	-32.07821273803711	-6.582566261291504	87.1303939819336
			*MESH_VERTEX 46	33.549598693847656	-8.849058151245117	79.76361083984375
			*MESH_VERTEX 47	-33.56920623779297	-8.819046020507812	80.74211120605469
			*MESH_VERTEX 48	16.55069923400879	2.7832231521606445	126.33795928955078
			*MESH_VERTEX 49	4.6156840324401855	-8.165511131286621	163.3069610595703
			*MESH_VERTEX 50	-23.599098205566406	4.834543704986572	119.81398010253906
			*MESH_VERTEX 51	23.401086807250977	-8.571452140808105	150.2379913330078
			*MESH_VERTEX 52	14.042804718017578	10.164285659790039	2.3537468910217285
			*MESH_VERTEX 53	25.40278434753418	-10.011015892028809	-0.7720919847488403
			*MESH_VERTEX 54	-24.30400848388672	-8.360407829284668	-1.2397212982177734
			*MESH_VERTEX 55	-5.1470561027526855	1.8042336702346802	0.4174795150756836
			*MESH_VERTEX 56	-8.799285888671875	-21.784889221191406	68.7658920288086
			*MESH_VERTEX 57	-16.7484073638916	-7.345981121063232	130.948974609375
			*MESH_VERTEX 58	0.3617418110370636	-11.01919937133789	92.03871154785156
			*MESH_VERTEX 59	12.711380004882812	-20.560806274414062	-0.25901398062705994
			*MESH_VERTEX 60	-9.307507514953613	-21.117694854736328	100.48599243164062
			*MESH_VERTEX 61	-17.820613861083984	-21.159578323364258	-1.4356114864349365
			*MESH_VERTEX 62	-3.839539051055908	0.5553723573684692	166.9609375
			*MESH_VERTEX 63	11.689403533935547	6.241569995880127	85.97090148925781
			*MESH_VERTEX 64	0.07619976252317429	7.661669731140137	85.91950225830078
			*MESH_VERTEX 65	-16.689496994018555	2.05502986907959	136.9829864501953
			*MESH_VERTEX 66	-14.385509490966797	-10.200986862182617	114.9729995727539
			*MESH_VERTEX 67	5.365505218505859	-18.42420196533203	95.31319427490234
			*MESH_VERTEX 68	14.700990676879883	-8.831781387329102	115.20199584960938
			*MESH_VERTEX 69	0.13735942542552948	6.752870082855225	93.97209930419922
			*MESH_VERTEX 70	-9.652456283569336	-20.69689178466797	108.33300018310547
			*MESH_VERTEX 71	10.985285758972168	-19.07480812072754	108.57599639892578
			*MESH_VERTEX 72	-9.70046615600586	-19.208791732788086	114.39199829101562
			*MESH_VERTEX 73	-11.193492889404297	3.543618679046631	52.01809310913086
			*MESH_VERTEX 74	3.7597908973693848	2.1163170337677	90.20940399169922
			*MESH_VERTEX 75	-11.780599594116211	1.7385700941085815	108.27499389648438
			*MESH_VERTEX 76	22.888193130493164	-4.303352355957031	118.97898864746094
			*MESH_VERTEX 77	15.86189079284668	-7.743572235107422	9.935809135437012
			*MESH_VERTEX 78	11.855003356933594	2.5657811164855957	108.53298950195312
			*MESH_VERTEX 79	-5.057265281677246	-8.19748306274414	163.0309600830078
			*MESH_VERTEX 80	-0.03573102131485939	-11.12190055847168	148.78199768066406
			*MESH_VERTEX 81	7.169440269470215	1.4779642820358276	156.41001892089844
			*MESH_VERTEX 82	11.853485107421875	-20.262006759643555	122.58697509765625
			*MESH_VERTEX 83	31.240087509155273	-4.959608554840088	118.95999908447266
			*MESH_VERTEX 84	0.1723291277885437	6.391059398651123	98.4271011352539
			*MESH_VERTEX 85	-11.921297073364258	4.837328910827637	98.46519470214844
			*MESH_VERTEX 86	16.385189056396484	-5.791516304016113	129.83094787597656
			*MESH_VERTEX 87	-9.8306303024292	9.587546348571777	2.4917080402374268
			*MESH_VERTEX 88	-8.291234016418457	-2.273942232131958	112.50499725341797
			*MESH_VERTEX 89	23.394393920898438	0.6029447317123413	150.38795471191406
			*MESH_VERTEX 90	-29.15550422668457	0.1972893476486206	139.16400146484375
			*MESH_VERTEX 91	3.485290050506592	0.4120774567127228	167.03494262695312
			*MESH_VERTEX 92	8.655609130859375	-1.2491660118103027	115.0009994506836
			*MESH_VERTEX 93	-14.442004203796387	-7.527984619140625	9.283759117126465
			*MESH_VERTEX 94	-13.268009185791016	-10.094988822937012	112.5889892578125
			*MESH_VERTEX 95	-2.6544182300567627	2.5971622467041016	90.19670104980469
			*MESH_VERTEX 96	25.563690185546875	-8.314665794372559	122.55999755859375
			*MESH_VERTEX 97	-0.0911167785525322	-15.679698944091797	149.87200927734375
			*MESH_VERTEX 98	9.648788452148438	0.4104467034339905	11.874299049377441
			*MESH_VERTEX 99	-22.60980796813965	-8.468337059020996	149.65296936035156
			*MESH_VERTEX 100	-18.653995513916016	-0.4511301815509796	51.333892822265625
			*MESH_VERTEX 101	19.517799377441406	1.3627318143844604	12.132903099060059
			*MESH_VERTEX 102	-17.67939567565918	1.7275257110595703	12.1412992477417
			*MESH_VERTEX 103	-13.689714431762695	-21.177087783813477	87.46240997314453
			*MESH_VERTEX 104	-18.727705001831055	-7.420195579528809	87.09281158447266
			*MESH_VERTEX 105	-8.624961853027344	-1.7965621948242188	114.86100006103516
			*MESH_VERTEX 106	13.784697532653809	-8.32837963104248	112.9020004272461
			*MESH_VERTEX 107	34.838096618652344	0.2872236967086792	107.46699523925781
			*MESH_VERTEX 108	-5.324855327606201	-19.767793655395508	95.43161010742188
			*MESH_VERTEX 109	-5.323740482330322	-2.3633763790130615	64.6709976196289
			*MESH_VERTEX 110	0.4411675035953522	4.51917028427124	97.8125
			*MESH_VERTEX 111	-29.243301391601562	-4.852640628814697	137.33497619628906
			*MESH_VERTEX 112	-26.005905151367188	-5.6753830909729	118.71696472167969
			*MESH_VERTEX 113	0.2350027859210968	-0.3033592700958252	114.9800033569336
			*MESH_VERTEX 114	7.808946132659912	-5.387707710266113	157.8769989013672
			*MESH_VERTEX 115	6.731782913208008	-19.721405029296875	64.92998504638672
			*MESH_VERTEX 116	5.740907192230225	-0.9018793702125549	49.45140075683594
			*MESH_VERTEX 117	11.799398422241211	1.3979113101959229	92.58070373535156
			*MESH_VERTEX 118	0.3010183572769165	-10.800100326538086	119.68599700927734
			*MESH_VERTEX 119	-7.808298110961914	-0.10867340862751007	11.729096412658691
			*MESH_VERTEX 120	29.722795486450195	-0.593517005443573	139.1219482421875
			*MESH_VERTEX 121	8.405049324035645	2.7991724014282227	0.30617302656173706
			*MESH_VERTEX 122	-22.901704788208008	-9.34607982635498	5.50441837310791
			*MESH_VERTEX 123	-13.255013465881348	-20.429386138916016	-1.177011251449585
			*MESH_VERTEX 124	17.126678466796875	-21.85841178894043	-0.508794903755188
			*MESH_VERTEX 125	23.8876895904541	-10.553518295288086	6.002066135406494
			*MESH_VERTEX 126	-0.2129582017660141	4.705770015716553	156.4779815673828
			*MESH_VERTEX 127	22.505596160888672	-0.5979272127151489	120.55697631835938
			*MESH_VERTEX 128	30.579387664794922	-5.4213690757751465	137.3679656982422
			*MESH_VERTEX 129	-30.263591766357422	2.554119110107422	107.55899810791016
			*MESH_VERTEX 130	19.30098533630371	-8.505692481994629	87.4126968383789
			*MESH_VERTEX 131	19.402196884155273	-1.6742674112319946	50.70269775390625
			*MESH_VERTEX 132	12.491100311279297	2.9104578495025635	51.418392181396484
			*MESH_VERTEX 133	-8.658594131469727	-5.6580939292907715	157.6599884033203
			*MESH_VERTEX 134	2.9209225177764893	-20.825599670410156	95.14199829101562
			*MESH_VERTEX 135	10.975083351135254	-18.168704986572266	100.78199768066406
			*MESH_VERTEX 136	-17.82361602783203	-20.385480880737305	3.066568374633789
			*MESH_VERTEX 137	17.270580291748047	-20.897811889648438	3.9736666679382324
			*MESH_VERTEX 138	-9.748902320861816	-16.328493118286133	115.12799072265625
			*MESH_VERTEX 139	-3.479764938354492	-7.500784873962402	63.38849639892578
			*MESH_VERTEX 140	-29.787397384643555	-4.242400646209717	117.74797058105469
			*MESH_VERTEX 141	-11.686917304992676	-20.497989654541016	122.24798583984375
			*MESH_VERTEX 142	-9.081833839416504	-19.09959602355957	123.45797729492188
			*MESH_VERTEX 143	-15.56049919128418	-2.6584079265594482	64.69889831542969
			*MESH_VERTEX 144	-15.881803512573242	-5.361571311950684	135.85797119140625
			*MESH_VERTEX 145	-16.333894729614258	6.662660121917725	139.8979949951172
			*MESH_VERTEX 146	-13.886713981628418	-19.323488235473633	141.83401489257812
			*MESH_VERTEX 147	7.391736030578613	-2.0915160179138184	64.49918365478516
			*MESH_VERTEX 148	22.60059928894043	-1.2227462530136108	107.63700103759766
			*MESH_VERTEX 149	-6.719033241271973	-4.723453521728516	164.7389373779297
			*MESH_VERTEX 150	16.81159210205078	-2.789552927017212	64.469482421875
			*MESH_VERTEX 151	-21.863805770874023	-3.92337703704834	118.36096954345703
			*MESH_VERTEX 152	-21.631093978881836	-0.893657386302948	108.27499389648438
			*MESH_VERTEX 153	-0.14623427391052246	3.372529983520508	156.18899536132812
			*MESH_VERTEX 154	6.1837263107299805	-4.845402717590332	164.9169464111328
			*MESH_VERTEX 155	-23.84239387512207	6.574812412261963	138.25897216796875
			*MESH_VERTEX 156	-31.31989860534668	1.844299554824829	118.20697784423828
			*MESH_VERTEX 157	-10.280808448791504	-12.491490364074707	5.946887493133545
			*MESH_VERTEX 158	15.42959213256836	-6.496072769165039	13.888299942016602
			*MESH_VERTEX 159	14.03627872467041	-20.368907928466797	65.27578735351562
			*MESH_VERTEX 160	-4.420757293701172	-0.649958610534668	49.598297119140625
			*MESH_VERTEX 161	-12.534785270690918	7.033588886260986	14.337099075317383
			*MESH_VERTEX 162	29.532995223999023	4.524022102355957	120.19896697998047
			*MESH_VERTEX 163	10.944788932800293	-11.995705604553223	6.522397041320801
			*MESH_VERTEX 164	-16.6807918548584	4.79227352142334	0.11853650212287903
			*MESH_VERTEX 165	-8.801460266113281	-16.659191131591797	56.343685150146484
			*MESH_VERTEX 166	-14.361105918884277	-9.128357887268066	123.21900939941406
			*MESH_VERTEX 167	-16.53310203552246	-9.054045677185059	100.67200469970703
			*MESH_VERTEX 168	4.249643325805664	-6.9944539070129395	63.48988342285156
			*MESH_VERTEX 169	9.145886421203613	-16.729602813720703	56.67839050292969
			*MESH_VERTEX 170	20.267501831054688	4.183272838592529	0.07686831802129745
			*MESH_VERTEX 171	0.23333454132080078	0.5993266701698303	114.89700317382812
			*MESH_VERTEX 172	18.690486907958984	-11.669112205505371	73.57298278808594
			*MESH_VERTEX 173	-17.326799392700195	3.6911375522613525	134.85296630859375
			*MESH_VERTEX 174	4.130013465881348	-20.35660171508789	86.72618865966797
			*MESH_VERTEX 175	-0.2616315484046936	1.7781095504760742	167.4419403076172
			*MESH_VERTEX 176	-4.434128284454346	-21.91519546508789	86.46009826660156
			*MESH_VERTEX 177	-24.442197799682617	4.165792942047119	117.05397033691406
			*MESH_VERTEX 178	14.8432035446167	7.185354709625244	14.353302001953125
			*MESH_VERTEX 179	10.596086502075195	-15.417808532714844	115.29000091552734
			*MESH_VERTEX 180	-17.12060546875	-11.318687438964844	73.34480285644531
			*MESH_VERTEX 181	32.9257926940918	1.8002092838287354	117.63099670410156
			*MESH_VERTEX 182	31.16240119934082	2.2461066246032715	106.76799774169922
			*MESH_VERTEX 183	23.418983459472656	-16.02991485595703	-0.871817946434021
			*MESH_VERTEX 184	-6.66645622253418	3.242184638977051	97.93590545654297
			*MESH_VERTEX 185	-23.201509475708008	-14.409080505371094	-1.5563812255859375
			*MESH_VERTEX 186	-31.479597091674805	-7.557118892669678	110.45500183105469
			*MESH_VERTEX 187	-33.934696197509766	0.6278979778289795	108.24500274658203
			*MESH_VERTEX 188	10.642888069152832	-15.566208839416504	109.8219985961914
			*MESH_VERTEX 189	8.700299263000488	-1.166225790977478	109.27899932861328
			*MESH_VERTEX 190	14.884391784667969	-8.972890853881836	109.62399291992188
			*MESH_VERTEX 191	12.4139986038208	-0.5109480023384094	103.99899291992188
			*MESH_VERTEX 192	-24.971107482910156	-8.206364631652832	122.4649658203125
			*MESH_VERTEX 193	-14.381413459777832	-20.335683822631836	64.54999542236328
			*MESH_VERTEX 194	-13.496804237365723	-6.663874626159668	13.369898796081543
			*MESH_VERTEX 195	-31.157201766967773	-1.9155700206756592	118.14397430419922
			*MESH_VERTEX 196	-13.882210731506348	-16.62508773803711	56.9723014831543
			*MESH_VERTEX 197	-15.743401527404785	-2.418771743774414	132.29397583007812
			*MESH_VERTEX 198	-0.17862564325332642	-9.547797203063965	162.3819580078125
			*MESH_VERTEX 199	-22.697307586669922	-9.94727611541748	132.07696533203125
			*MESH_VERTEX 200	32.294795989990234	-7.898040771484375	109.78900146484375
			*MESH_VERTEX 201	-10.947099685668945	-0.41350215673446655	103.57899475097656
			*MESH_VERTEX 202	-22.494298934936523	-0.0015211979625746608	116.48896789550781
			*MESH_VERTEX 203	-9.559258460998535	1.2931766510009766	86.17321014404297
			*MESH_VERTEX 204	-2.2273917198181152	-0.24976834654808044	85.8320083618164
			*MESH_VERTEX 205	-24.32478904724121	2.730644941329956	107.33399200439453
			*MESH_VERTEX 206	-33.717193603515625	-3.787048101425171	109.40599060058594
			*MESH_VERTEX 207	13.686079025268555	-21.10021209716797	134.29000854492188
			*MESH_VERTEX 208	32.66098403930664	-2.678309679031372	117.87999725341797
			*MESH_VERTEX 209	22.417694091796875	-7.004725933074951	109.25899505615234
			*MESH_VERTEX 210	23.7128963470459	-4.358091354370117	116.18900299072266
			*MESH_VERTEX 211	27.563194274902344	0.34923458099365234	145.1459503173828
			*MESH_VERTEX 212	0.3423905074596405	-21.84320068359375	109.9429931640625
			*MESH_VERTEX 213	-15.913904190063477	-6.091848850250244	135.81898498535156
