*3DSMAX_ASCIIEXPORT	110
*COMMENT "[ Kerrax ASCII Model Exporter ] - Feb 25 2013"
*SCENE {
	*SCENE_FILENAME ""
	*SCENE_FIRSTFRAME 0
	*SCENE_LASTFRAME 100
	*SCENE_FRAMESPEED 25
	*SCENE_TICKSPERFRAME 192
	*SCENE_BACKGROUND_STATIC 0	0	0
	*SCENE_AMBIENT_STATIC 0.2	0.2	0.2
}
*MATERIAL_LIST {
	*MATERIAL_COUNT 1
	*MATERIAL 0 {
		*MATERIAL_NAME "MultiMtl #0"
		*MATERIAL_CLASS "Multi/Sub-Object"
		*NUMSUBMTLS 3
		*SUBMATERIAL 0 {
			*MATERIAL_NAME "ITMELEEBLADES"
			*MATERIAL_CLASS "Standard"
			*MATERIAL_DIFFUSE 0.43921568989753723	0.3803921639919281	0.29411765933036804
			*MAP_DIFFUSE {
				*BITMAP "ITMELEEBLADES.TGA"
			}
		}
		*SUBMATERIAL 1 {
			*MATERIAL_NAME "HUM_BODY_POSSESSED_V0_C0"
			*MATERIAL_CLASS "Standard"
			*MATERIAL_DIFFUSE 0.6235290169715881	0.5803920030593872	0.5019609928131104
			*MAP_DIFFUSE {
				*BITMAP "HUM_BODY_POSSESSED_V0_C0.tga"
			}
		}
		*SUBMATERIAL 2 {
			*MATERIAL_NAME "Nacked_Muscel0"
			*MATERIAL_CLASS "Standard"
			*MATERIAL_DIFFUSE 0.7019609808921814	0.5019609928131104	0.9960780143737793
			*MAP_DIFFUSE {
				*BITMAP "Hum_Body_Naked_V0_C0.tga"
			}
		}
	}
}
*HELPEROBJECT {
	*NODE_NAME "Bip01"
	*NODE_TM {
		*NODE_NAME "Bip01"
		*TM_ROW0 0.024624036625027657	-0.9937736392021179	0.10866265743970871
		*TM_ROW1 0.9996931552886963	0.02477073296904564	1.968283243058977e-07
		*TM_ROW2 -0.0026918479707092047	0.10862930864095688	0.9940786957740784
		*TM_ROW3 0.14369697868824005	6.2038702964782715	100.71246337890625
		*TM_POS 0.14369697868824005	6.2038702964782715	100.71246337890625
		*TM_ROTAXIS 0.05432739481329918	0.05569041147828102	0.9969689249992371
		*TM_ROTANGLE 1.5490579123143635
		*TM_SCALE 1	1	1
		*TM_SCALEAXIS 0	0	0
		*TM_SCALEAXISANG 0	0	0
	}
}
*HELPEROBJECT {
	*NODE_NAME "Bip01 Footsteps"
	*NODE_PARENT "Bip01"
	*NODE_TM {
		*NODE_NAME "Bip01 Footsteps"
		*TM_ROW0 1.0	-1.6870281172032264e-07	9.022186020501977e-08
		*TM_ROW1 1.6870281172032264e-07	1.0	-2.6077016102021844e-08
		*TM_ROW2 -9.022186020501977e-08	2.60770320892334e-08	1.0
		*TM_ROW3 0.14369696378707886	6.2038726806640625	-0.14418363571166992
		*TM_POS 0.14369696378707886	6.2038726806640625	-0.14418363571166992
		*TM_ROTAXIS 0.0	0.0	1.0
		*TM_ROTANGLE 0.0
		*TM_SCALE 1	1	1
		*TM_SCALEAXIS 0	0	0
		*TM_SCALEAXISANG 0	0	0
	}
}
*HELPEROBJECT {
	*NODE_NAME "Bip01 Pelvis"
	*NODE_PARENT "Bip01"
	*NODE_TM {
		*NODE_NAME "Bip01 Pelvis"
		*TM_ROW0 -0.022417442873120308	0.10811338573694229	0.9938122034072876
		*TM_ROW1 0.024620937183499336	-0.9936307072639465	0.108658567070961
		*TM_ROW2 0.9993723034858704	0.02691413089632988	0.019758403301239014
		*TM_ROW3 -0.13768704235553741	7.773420333862305	100.5401840209961
		*TM_POS -0.13768704235553741	7.773420333862305	100.5401840209961
		*TM_ROTAXIS -0.698771595954895	-0.04752913862466812	-0.7137140035629272
		*TM_ROTANGLE 3.083067721047496
		*TM_SCALE 1	1	1
		*TM_SCALEAXIS 0	0	0
		*TM_SCALEAXISANG 0	0	0
	}
}
*HELPEROBJECT {
	*NODE_NAME "Bip01 Spine"
	*NODE_PARENT "Bip01 Pelvis"
	*NODE_TM {
		*NODE_NAME "Bip01 Spine"
		*TM_ROW0 0.01082448847591877	-0.006169688422232866	0.9991130232810974
		*TM_ROW1 0.019726920872926712	-0.9981493949890137	-0.006366364192217588
		*TM_ROW2 0.9989373087882996	0.0197893138974905	-0.009064936079084873
		*TM_ROW3 -0.14630500972270966	8.12279987335205	102.9175033569336
		*TM_POS -0.14630500972270966	8.12279987335205	102.9175033569336
		*TM_ROTAXIS 0.7103185653686523	0.004771937150508165	0.7032829523086548
		*TM_ROTANGLE 3.123180382107479
		*TM_SCALE 1	1	1
		*TM_SCALEAXIS 0	0	0
		*TM_SCALEAXISANG 0	0	0
	}
}
*HELPEROBJECT {
	*NODE_NAME "Bip01 Spine1"
	*NODE_PARENT "Bip01 Spine"
	*NODE_TM {
		*NODE_NAME "Bip01 Spine1"
		*TM_ROW0 0.01267026923596859	-0.001310782739892602	0.9986330270767212
		*TM_ROW1 0.019099121913313866	-0.9972134232521057	-0.001528060296550393
		*TM_ROW2 0.9984512329101562	0.019115261733531952	-0.010040320456027985
		*TM_ROW3 -0.04802296310663223	8.07239818572998	112.74403381347656
		*TM_POS -0.04802296310663223	8.07239818572998	112.74403381347656
		*TM_ROTAXIS 0.7106388807296753	0.0062581985257565975	0.7026035189628601
		*TM_ROTANGLE 3.1270676615899897
		*TM_SCALE 1	1	1
		*TM_SCALEAXIS 0	0	0
		*TM_SCALEAXISANG 0	0	0
	}
}
*HELPEROBJECT {
	*NODE_NAME "Bip01 Spine2"
	*NODE_PARENT "Bip01 Spine1"
	*NODE_TM {
		*NODE_NAME "Bip01 Spine2"
		*TM_ROW0 0.011414047330617905	0.15612272918224335	0.9876450300216675
		*TM_ROW1 0.019329320639371872	-0.9875321984291077	0.15588624775409698
		*TM_ROW2 0.9997216463088989	0.017315836623311043	-0.014237139374017715
		*TM_ROW3 0.09720900654792786	8.079387664794922	125.52926635742188
		*TM_POS 0.09720900654792786	8.079387664794922	125.52926635742188
		*TM_ROTAXIS -0.7102807760238647	-0.06190207228064537	-0.7011722922325134
		*TM_ROTANGLE 3.0438910785620035
		*TM_SCALE 1	1	1
		*TM_SCALEAXIS 0	0	0
		*TM_SCALEAXISANG 0	0	0
	}
}
*HELPEROBJECT {
	*NODE_NAME "Bip01 Neck"
	*NODE_PARENT "Bip01 Spine2"
	*NODE_TM {
		*NODE_NAME "Bip01 Neck"
		*TM_ROW0 0.0173232089728117	-0.19106413424015045	0.9814134240150452
		*TM_ROW1 0.014271256513893604	-0.9814020991325378	-0.19131585955619812
		*TM_ROW2 0.999737024307251	0.017318254336714745	-0.014252407476305962
		*TM_ROW3 0.438588947057724	12.765974998474121	155.14468383789062
		*TM_POS 0.438588947057724	12.765974998474121	155.14468383789062
		*TM_ROTAXIS 0.711322546005249	-0.06247299909591675	0.7000758051872253
		*TM_ROTANGLE 2.9944095705156637
		*TM_SCALE 1	1	1
		*TM_SCALEAXIS 0	0	0
		*TM_SCALEAXISANG 0	0	0
	}
}
*HELPEROBJECT {
	*NODE_NAME "Bip01 Head"
	*NODE_PARENT "Bip01 Neck"
	*NODE_TM {
		*NODE_NAME "Bip01 Head"
		*TM_ROW0 -0.010342364199459553	0.0022236499935388565	0.9996790885925293
		*TM_ROW1 -0.04247742518782616	-0.9985712170600891	0.0017711695982143283
		*TM_ROW2 0.9987787008285522	-0.042456142604351044	0.010951665230095387
		*TM_ROW3 0.5570039749145508	11.45923900604248	161.85687255859375
		*TM_POS 0.5570039749145508	11.45923900604248	161.85687255859375
		*TM_ROTAXIS -0.7031654119491577	0.014315171167254448	-0.7106977105140686
		*TM_ROTANGLE 3.110138740766796
		*TM_SCALE 1	1	1
		*TM_SCALEAXIS 0	0	0
		*TM_SCALEAXISANG 0	0	0
	}
}
*HELPEROBJECT {
	*NODE_NAME "Bip01 L Clavicle"
	*NODE_PARENT "Bip01 Neck"
	*NODE_TM {
		*NODE_NAME "Bip01 L Clavicle"
		*TM_ROW0 0.994136393070221	0.10804210603237152	0.004439016338437796
		*TM_ROW1 -0.10605667531490326	0.9822296500205994	-0.15484488010406494
		*TM_ROW2 -0.02108990214765072	0.1534661501646042	0.9879288077354431
		*TM_ROW3 8.291736602783203	14.50170612335205	149.34373474121094
		*TM_POS 8.291736602783203	14.50170612335205	149.34373474121094
		*TM_ROTAXIS 0.8194842338562012	0.06785532087087631	-0.569070041179657
		*TM_ROTANGLE 0.1892403488695151
		*TM_SCALE 1	1	1
		*TM_SCALEAXIS 0	0	0
		*TM_SCALEAXISANG 0	0	0
	}
}
*HELPEROBJECT {
	*NODE_NAME "Bip01 L UpperArm"
	*NODE_PARENT "Bip01 L Clavicle"
	*NODE_TM {
		*NODE_NAME "Bip01 L UpperArm"
		*TM_ROW0 0.11129042506217957	-0.034230902791023254	-0.9931981563568115
		*TM_ROW1 0.33484211564064026	0.9422607421875	0.005044587887823582
		*TM_ROW2 0.9356789588928223	-0.3331260085105896	0.11632655560970306
		*TM_ROW3 21.539602279663086	15.941472053527832	149.40289306640625
		*TM_POS 21.539602279663086	15.941472053527832	149.40289306640625
		*TM_ROTAXIS -0.169698566198349	-0.9679365158081055	0.18520581722259521
		*TM_ROTANGLE 1.485755075595548
		*TM_SCALE 1	1	1
		*TM_SCALEAXIS 0	0	0
		*TM_SCALEAXISANG 0	0	0
	}
}
*HELPEROBJECT {
	*NODE_NAME "Bip01 L Forearm"
	*NODE_PARENT "Bip01 L UpperArm"
	*NODE_TM {
		*NODE_NAME "Bip01 L Forearm"
		*TM_ROW0 -0.03627844154834747	-0.41875159740448	-0.9073757529258728
		*TM_ROW1 0.35098209977149963	0.8447924852371216	-0.40390244126319885
		*TM_ROW2 0.935679018497467	-0.33312568068504333	0.11632658541202545
		*TM_ROW3 24.645286560058594	14.986217498779297	121.68648529052734
		*TM_POS 24.645286560058594	14.986217498779297	121.68648529052734
		*TM_ROTAXIS 0.03541339561343193	-0.9221788048744202	0.3851388990879059
		*TM_ROTANGLE 1.6083850609776316
		*TM_SCALE 1	1	1
		*TM_SCALEAXIS 0	0	0
		*TM_SCALEAXISANG 0	0	0
	}
}
*HELPEROBJECT {
	*NODE_NAME "Bip01 L Hand"
	*NODE_PARENT "Bip01 L Forearm"
	*NODE_TM {
		*NODE_NAME "Bip01 L Hand"
		*TM_ROW0 -0.11492463201284409	-0.47970083355903625	-0.8698729276657104
		*TM_ROW1 -0.9362786412239075	0.3449048399925232	-0.06650318205356598
		*TM_ROW2 0.3319248855113983	0.8068007230758667	-0.4887716472148895
		*TM_ROW3 23.636137008666992	3.3380799293518066	96.44664001464844
		*TM_POS 23.636137008666992	3.3380799293518066	96.44664001464844
		*TM_ROTAXIS 0.5619104504585266	-0.7732734680175781	-0.29377612471580505
		*TM_ROTANGLE 2.2515723074561165
		*TM_SCALE 1	1	1
		*TM_SCALEAXIS 0	0	0
		*TM_SCALEAXISANG 0	0	0
	}
}
*HELPEROBJECT {
	*NODE_NAME "Bip01 L Finger0"
	*NODE_PARENT "Bip01 L Hand"
	*NODE_TM {
		*NODE_NAME "Bip01 L Finger0"
		*TM_ROW0 -0.11492462456226349	-0.47970080375671387	-0.8698729276657104
		*TM_ROW1 -0.9365426301956177	0.34426233172416687	-0.06611396372318268
		*TM_ROW2 0.33117926120758057	0.8070751428604126	-0.48882439732551575
		*TM_ROW3 22.157052993774414	-2.8356056213378906	85.25149536132812
		*TM_POS 22.157052993774414	-2.8356056213378906	85.25149536132812
		*TM_ROTAXIS 0.5620403289794922	-0.7730739712715149	-0.2940526008605957
		*TM_ROTANGLE 2.252019750107216
		*TM_SCALE 1	1	1
		*TM_SCALEAXIS 0	0	0
		*TM_SCALEAXISANG 0	0	0
	}
}
*HELPEROBJECT {
	*NODE_NAME "Bip01 R Clavicle"
	*NODE_PARENT "Bip01 Neck"
	*NODE_TM {
		*NODE_NAME "Bip01 R Clavicle"
		*TM_ROW0 -0.9914956092834473	0.08154132217168808	-0.1013934463262558
		*TM_ROW1 0.09690801799297333	0.9827892184257507	-0.15727104246616364
		*TM_ROW2 0.08682427555322647	-0.16575995087623596	-0.9823331236839294
		*TM_ROW3 -7.632227420806885	14.225818634033203	149.57095336914062
		*TM_POS -7.632227420806885	14.225818634033203	149.57095336914062
		*TM_ROTAXIS -0.044906530529260635	-0.9956774711608887	0.08129030466079712
		*TM_ROTANGLE 3.046933937756204
		*TM_SCALE 1	1	1
		*TM_SCALEAXIS 0	0	0
		*TM_SCALEAXISANG 0	0	0
	}
}
*HELPEROBJECT {
	*NODE_NAME "Bip01 R UpperArm"
	*NODE_PARENT "Bip01 R Clavicle"
	*NODE_TM {
		*NODE_NAME "Bip01 R UpperArm"
		*TM_ROW0 -0.16060295701026917	-0.09321822971105576	-0.9826072454452515
		*TM_ROW1 -0.49957478046417236	0.8662706017494202	-0.0005282115889713168
		*TM_ROW2 0.8512530326843262	0.49080097675323486	-0.1856950968503952
		*TM_ROW3 -20.844945907592773	15.31243896484375	148.21978759765625
		*TM_POS -20.844945907592773	15.31243896484375	148.21978759765625
		*TM_ROTAXIS 0.2530617117881775	-0.9445395469665527	-0.2092961072921753
		*TM_ROTANGLE 1.8131763199644533
		*TM_SCALE 1	1	1
		*TM_SCALEAXIS 0	0	0
		*TM_SCALEAXISANG 0	0	0
	}
}
*HELPEROBJECT {
	*NODE_NAME "Bip01 R Forearm"
	*NODE_PARENT "Bip01 R UpperArm"
	*NODE_TM {
		*NODE_NAME "Bip01 R Forearm"
		*TM_ROW0 -0.032167743891477585	-0.30439797043800354	-0.9520015716552734
		*TM_ROW1 -0.5237681865692139	0.8163678646087646	-0.24333177506923676
		*TM_ROW2 0.8512532114982605	0.4908007085323334	-0.18569467961788177
		*TM_ROW3 -25.32676124572754	12.711087226867676	120.79891967773438
		*TM_POS -25.32676124572754	12.711087226867676	120.79891967773438
		*TM_ROTAXIS 0.3746938705444336	-0.920363187789917	-0.11196436733007431
		*TM_ROTANGLE 1.772917093876911
		*TM_SCALE 1	1	1
		*TM_SCALEAXIS 0	0	0
		*TM_SCALEAXISANG 0	0	0
	}
}
*HELPEROBJECT {
	*NODE_NAME "Bip01 R Hand"
	*NODE_PARENT "Bip01 R Forearm"
	*NODE_TM {
		*NODE_NAME "Bip01 R Hand"
		*TM_ROW0 0.08107094466686249	-0.39125576615333557	-0.9167041778564453
		*TM_ROW1 0.8546580076217651	0.5005056262016296	-0.13803555071353912
		*TM_ROW2 0.5128228068351746	-0.77227783203125	0.3749662935733795
		*TM_ROW3 -26.22154426574707	4.2438507080078125	94.31775665283203
		*TM_POS -26.22154426574707	4.2438507080078125	94.31775665283203
		*TM_ROTAXIS -0.3171960413455963	-0.7149322628974915	0.6231039762496948
		*TM_ROTANGLE 1.5925265072986088
		*TM_SCALE 1	1	1
		*TM_SCALEAXIS 0	0	0
		*TM_SCALEAXISANG 0	0	0
	}
}
*HELPEROBJECT {
	*NODE_NAME "Bip01 R Finger0"
	*NODE_PARENT "Bip01 R Hand"
	*NODE_TM {
		*NODE_NAME "Bip01 R Finger0"
		*TM_ROW0 0.08107095956802368	-0.39125585556030273	-0.9167041182518005
		*TM_ROW1 0.8550662398338318	0.4998903274536133	-0.13773687183856964
		*TM_ROW2 0.5121418833732605	-0.7726762294769287	0.3750762343406677
		*TM_ROW3 -25.17816734313965	-0.7915496826171875	82.51990509033203
		*TM_POS -25.17816734313965	-0.7915496826171875	82.51990509033203
		*TM_ROTAXIS -0.31754639744758606	-0.7145956754684448	0.6233116388320923
		*TM_ROTANGLE 1.5927792629244404
		*TM_SCALE 1	1	1
		*TM_SCALEAXIS 0	0	0
		*TM_SCALEAXISANG 0	0	0
	}
}
*HELPEROBJECT {
	*NODE_NAME "Bip01 L Thigh"
	*NODE_PARENT "Bip01 Spine"
	*NODE_TM {
		*NODE_NAME "Bip01 L Thigh"
		*TM_ROW0 0.11051077395677567	-0.01683121733367443	-0.9940685033798218
		*TM_ROW1 0.05519389361143112	-0.9989610910415649	0.023064466193318367
		*TM_ROW2 -0.9926777482032776	-0.057402487844228745	-0.11013489216566086
		*TM_ROW3 8.86751937866211	8.015945434570312	100.71756744384766
		*TM_POS 8.86751937866211	8.015945434570312	100.71756744384766
		*TM_ROTAXIS -0.7451890110969543	-0.01287950947880745	0.6670107245445251
		*TM_ROTANGLE 3.0875754180487025
		*TM_SCALE 1	1	1
		*TM_SCALEAXIS 0	0	0
		*TM_SCALEAXISANG 0	0	0
	}
}
*HELPEROBJECT {
	*NODE_NAME "Bip01 L Calf"
	*NODE_PARENT "Bip01 L Thigh"
	*NODE_TM {
		*NODE_NAME "Bip01 L Calf"
		*TM_ROW0 0.09940989315509796	0.15554115176200867	-0.9831594824790955
		*TM_ROW1 0.0735199972987175	-0.9869166612625122	-0.1486140489578247
		*TM_ROW2 -0.9926683306694031	-0.05743062123656273	-0.11021364480257034
		*TM_ROW3 13.230365753173828	7.353438377380371	61.620975494384766
		*TM_POS 13.230365753173828	7.353438377380371	61.620975494384766
		*TM_ROTAXIS 0.7413873672485352	0.0773138776421547	-0.6668913960456848
		*TM_ROTANGLE 3.0800586931792115
		*TM_SCALE 1	1	1
		*TM_SCALEAXIS 0	0	0
		*TM_SCALEAXISANG 0	0	0
	}
}
*HELPEROBJECT {
	*NODE_NAME "Bip01 L Foot"
	*NODE_PARENT "Bip01 L Calf"
	*NODE_TM {
		*NODE_NAME "Bip01 L Foot"
		*TM_ROW0 -0.0007723208982497454	0.03396778926253319	-0.9993411302566528
		*TM_ROW1 0.1399839222431183	-0.9894146919250488	-0.03375273570418358
		*TM_ROW2 -0.9900712370872498	-0.13993190228939056	-0.0038291483651846647
		*TM_ROW3 18.126083374023438	14.988040924072266	13.368246078491211
		*TM_POS 18.126083374023438	14.988040924072266	13.368246078491211
		*TM_ROTAXIS -0.7062743902206421	-0.061660926789045334	0.7051900029182434
		*TM_ROTANGLE 3.0663531926802747
		*TM_SCALE 1	1	1
		*TM_SCALEAXIS 0	0	0
		*TM_SCALEAXISANG 0	0	0
	}
}
*HELPEROBJECT {
	*NODE_NAME "Bip01 L Toe0"
	*NODE_PARENT "Bip01 L Foot"
	*NODE_TM {
		*NODE_NAME "Bip01 L Toe0"
		*TM_ROW0 0.1399916708469391	-0.9895761609077454	-0.03375998139381409
		*TM_ROW1 0.000839610060211271	-0.03397617116570473	0.9994213581085205
		*TM_ROW2 -0.9901515245437622	-0.13993822038173676	-0.0039247130043804646
		*TM_ROW3 21.28543472290039	-6.990726470947266	-0.01567453145980835
		*TM_POS 21.28543472290039	-6.990726470947266	-0.01567453145980835
		*TM_ROTAXIS -0.6375440359115601	0.5351617932319641	0.5542005300521851
		*TM_ROTANGLE 2.0363934325464896
		*TM_SCALE 1	1	1
		*TM_SCALEAXIS 0	0	0
		*TM_SCALEAXISANG 0	0	0
	}
}
*HELPEROBJECT {
	*NODE_NAME "Bip01 R Thigh"
	*NODE_PARENT "Bip01 Spine"
	*NODE_TM {
		*NODE_NAME "Bip01 R Thigh"
		*TM_ROW0 -0.12282323092222214	0.026531891897320747	-0.9919059872627258
		*TM_ROW1 -0.07316557317972183	-0.9968675374984741	-0.017597872763872147
		*TM_ROW2 -0.9895596504211426	0.0704197809100151	0.1247125193476677
		*TM_ROW3 -9.142890930175781	7.530889511108398	100.36280059814453
		*TM_POS -9.142890930175781	7.530889511108398	100.36280059814453
		*TM_ROTAXIS 0.6616779565811157	-0.017639007419347763	-0.7494816184043884
		*TM_ROTANGLE 3.075032572401885
		*TM_SCALE 1	1	1
		*TM_SCALEAXIS 0	0	0
		*TM_SCALEAXISANG 0	0	0
	}
}
*HELPEROBJECT {
	*NODE_NAME "Bip01 R Calf"
	*NODE_PARENT "Bip01 R Thigh"
	*NODE_TM {
		*NODE_NAME "Bip01 R Calf"
		*TM_ROW0 -0.11471977084875107	0.12998083233833313	-0.9848337173461914
		*TM_ROW1 -0.08555304259061813	-0.9889701008796692	-0.12056194990873337
		*TM_ROW2 -0.9896833896636963	0.07042363286018372	0.12462151795625687
		*TM_ROW3 -13.983404159545898	8.574790954589844	61.33081817626953
		*TM_POS -13.983404159545898	8.574790954589844	61.33081817626953
		*TM_ROTAXIS 0.6630979180335999	0.016837844625115395	-0.7483291029930115
		*TM_ROTANGLE 2.9970800961761292
		*TM_SCALE 1	1	1
		*TM_SCALEAXIS 0	0	0
		*TM_SCALEAXISANG 0	0	0
	}
}
*HELPEROBJECT {
	*NODE_NAME "Bip01 R Foot"
	*NODE_PARENT "Bip01 R Calf"
	*NODE_TM {
		*NODE_NAME "Bip01 R Foot"
		*TM_ROW0 -0.01867508329451084	0.02256242372095585	-0.999794602394104
		*TM_ROW1 -0.08987381309270859	-0.9961754679679871	-0.020816780626773834
		*TM_ROW2 -0.9960025548934937	0.08945153653621674	0.020184816792607307
		*TM_ROW3 -19.617889404296875	14.956653594970703	12.976863861083984
		*TM_POS -19.617889404296875	14.956653594970703	12.976863861083984
		*TM_ROTAXIS 0.7000643014907837	-0.024074964225292206	-0.7138278484344482
		*TM_ROTANGLE 3.0627551606442363
		*TM_SCALE 1	1	1
		*TM_SCALEAXIS 0	0	0
		*TM_SCALEAXISANG 0	0	0
	}
}
*HELPEROBJECT {
	*NODE_NAME "Bip01 R Toe0"
	*NODE_PARENT "Bip01 R Foot"
	*NODE_TM {
		*NODE_NAME "Bip01 R Toe0"
		*TM_ROW0 -0.08986800163984299	-0.9957342743873596	-0.02082252874970436
		*TM_ROW1 0.01849023811519146	-0.022570068016648293	0.9995726943016052
		*TM_ROW2 -0.995780348777771	0.0894462838768959	0.020441455766558647
		*TM_ROW3 -21.886255264282227	-7.3055925369262695	-0.11603832244873047
		*TM_POS -21.886255264282227	-7.3055925369262695	-0.11603832244873047
		*TM_ROTAXIS -0.543174684047699	0.5818668603897095	0.6053017377853394
		*TM_ROTANGLE 2.148380299588698
		*TM_SCALE 1	1	1
		*TM_SCALEAXIS 0	0	0
		*TM_SCALEAXISANG 0	0	0
	}
}
*GEOMOBJECT {
	*NODE_NAME "zm_VLK_TL"
	*NODE_PARENT "Bip01"
	*NODE_TM {
		*NODE_NAME "zm_VLK_TL"
		*TM_ROW0 -0.022491056472063065	0.10811931639909744	0.993883490562439
		*TM_ROW1 0.024628082290291786	-0.9937734007835388	0.10866465419530869
		*TM_ROW2 0.9994437098503113	0.026921425014734268	0.01968817412853241
		*TM_ROW3 0.22131288051605225	7.758173942565918	82.33573150634766
		*TM_POS 0.22131288051605225	7.758173942565918	82.33573150634766
		*TM_ROTAXIS 0.6987965106964111	0.04753212630748749	0.7137395739555359
		*TM_ROTANGLE 3.200114636144933
		*TM_SCALE 1	1	1
		*TM_SCALEAXIS 0	0	0
		*TM_SCALEAXISANG 0	0	0
	}
	*MATERIAL_REF 0
	*MESH_SOFTSKIN {
		*TIMEVALUE 0
		*MESH_NUMVERTEX 434
		*MESH_NUMFACES 844
		*MESH_VERTEX_LIST {
			*MESH_VERTEX 0	22.463735580444336	18.207538604736328	21.028358459472656
			*MESH_VERTEX 1	8.442709922790527	18.0242977142334	27.18035888671875
			*MESH_VERTEX 2	8.442708015441895	8.83536434173584	25.735605239868164
			*MESH_VERTEX 3	16.548852920532227	4.240898609161377	25.013225555419922
			*MESH_VERTEX 4	24.654998779296875	8.835365295410156	25.735610961914062
			*MESH_VERTEX 5	19.963809967041016	9.048389434814453	19.58829689025879
			*MESH_VERTEX 6	24.654998779296875	18.0242977142334	27.18035888671875
			*MESH_VERTEX 7	16.54885482788086	21.560022354125977	21.555458068847656
			*MESH_VERTEX 8	11.868765830993652	22.52208137512207	22.967906951904297
			*MESH_VERTEX 9	8.442708969116211	9.969768524169922	20.994338989257812
			*MESH_VERTEX 10	16.54885482788086	5.375311851501465	20.271957397460938
			*MESH_VERTEX 11	24.654998779296875	9.96977710723877	20.994333267211914
			*MESH_VERTEX 12	10.63397216796875	11.50256633758545	19.974153518676758
			*MESH_VERTEX 13	22.46373748779297	16.491500854492188	28.20054817199707
			*MESH_VERTEX 14	19.96381187438965	7.332345962524414	26.760459899902344
			*MESH_VERTEX 15	16.54885482788086	19.843990325927734	28.72764778137207
			*MESH_VERTEX 16	21.228939056396484	21.387680053710938	27.70916748046875
			*MESH_VERTEX 17	21.228939056396484	22.522077560424805	22.967924118041992
			*MESH_VERTEX 18	25.909019470214844	14.564238548278809	21.716707229614258
			*MESH_VERTEX 19	10.633975982666016	18.207534790039062	21.028369903564453
			*MESH_VERTEX 20	10.633974075317383	16.491498947143555	28.200531005859375
			*MESH_VERTEX 21	13.133898735046387	7.332347393035889	26.760459899902344
			*MESH_VERTEX 22	21.22893714904785	6.606398582458496	20.465526580810547
			*MESH_VERTEX 23	8.44271183013916	19.15870475769043	22.4390811920166
			*MESH_VERTEX 24	11.868768692016602	21.387678146362305	27.709165573120117
			*MESH_VERTEX 25	22.463733673095703	9.786539077758789	27.146343231201172
			*MESH_VERTEX 26	10.633974075317383	9.786531448364258	27.146339416503906
			*MESH_VERTEX 27	22.463729858398438	11.502569198608398	19.97416114807129
			*MESH_VERTEX 28	13.133895874023438	9.048392295837402	19.588294982910156
			*MESH_VERTEX 29	25.909021377563477	13.429826736450195	26.457971572875977
			*MESH_VERTEX 30	7.188685417175293	13.429832458496094	26.457965850830078
			*MESH_VERTEX 31	7.188685417175293	14.564236640930176	21.716699600219727
			*MESH_VERTEX 32	16.54885482788086	23.75316619873047	23.16146469116211
			*MESH_VERTEX 33	24.655000686645508	19.158695220947266	22.4390811920166
			*MESH_VERTEX 34	16.548851013183594	22.618755340576172	27.90275001525879
			*MESH_VERTEX 35	11.868767738342285	6.60639762878418	20.465532302856445
			*MESH_VERTEX 36	11.868768692016602	5.47199010848999	25.20677947998047
			*MESH_VERTEX 37	21.22893714904785	5.471992015838623	25.206789016723633
			*MESH_VERTEX 38	19.96381378173828	18.945690155029297	28.586402893066406
			*MESH_VERTEX 39	13.133898735046387	20.661731719970703	21.41422462463379
			*MESH_VERTEX 40	13.133896827697754	18.9456844329834	28.586402893066406
			*MESH_VERTEX 41	23.378767013549805	14.855056762695312	20.501256942749023
			*MESH_VERTEX 42	23.378768920898438	13.139022827148438	27.67344093322754
			*MESH_VERTEX 43	9.718942642211914	13.13902473449707	27.673446655273438
			*MESH_VERTEX 44	9.718939781188965	14.855058670043945	20.501258850097656
			*MESH_VERTEX 45	19.963815689086914	20.661718368530273	21.414228439331055
			*MESH_VERTEX 46	16.54885482788086	6.434056282043457	26.619226455688477
			*MESH_VERTEX 47	16.54885482788086	8.150099754333496	19.447050094604492
			*MESH_VERTEX 48	-11.191393852233887	17.539554595947266	21.028400421142578
			*MESH_VERTEX 49	-25.212419509887695	17.356313705444336	27.180374145507812
			*MESH_VERTEX 50	-25.212421417236328	8.167387008666992	25.735628128051758
			*MESH_VERTEX 51	-17.106273651123047	3.5729150772094727	25.013235092163086
			*MESH_VERTEX 52	-9.00013256072998	8.167380332946777	25.735626220703125
			*MESH_VERTEX 53	-13.69131851196289	8.380411148071289	19.58830451965332
			*MESH_VERTEX 54	-9.000129699707031	17.35631561279297	27.180389404296875
			*MESH_VERTEX 55	-17.106273651123047	20.89204216003418	21.55549430847168
			*MESH_VERTEX 56	-21.786357879638672	21.854101181030273	22.96794319152832
			*MESH_VERTEX 57	-25.212421417236328	9.301786422729492	20.994382858276367
			*MESH_VERTEX 58	-17.106273651123047	4.707335472106934	20.271991729736328
			*MESH_VERTEX 59	-9.000131607055664	9.301793098449707	20.99437713623047
			*MESH_VERTEX 60	-23.02115249633789	10.834585189819336	19.97418785095215
			*MESH_VERTEX 61	-11.191394805908203	15.823517799377441	28.2005672454834
			*MESH_VERTEX 62	-13.69131851196289	6.664370059967041	26.760499954223633
			*MESH_VERTEX 63	-17.106271743774414	19.17600440979004	28.727664947509766
			*MESH_VERTEX 64	-12.426190376281738	20.719696044921875	27.70920181274414
			*MESH_VERTEX 65	-12.426189422607422	21.85409927368164	22.967931747436523
			*MESH_VERTEX 66	-7.74610710144043	13.896261215209961	21.71672821044922
			*MESH_VERTEX 67	-23.02115249633789	17.539552688598633	21.028385162353516
			*MESH_VERTEX 68	-23.02115249633789	15.823517799377441	28.200572967529297
			*MESH_VERTEX 69	-20.5212345123291	6.66437292098999	26.760488510131836
			*MESH_VERTEX 70	-12.426189422607422	5.938414573669434	20.46554946899414
			*MESH_VERTEX 71	-25.212419509887695	18.490720748901367	22.439115524291992
			*MESH_VERTEX 72	-21.786359786987305	20.719688415527344	27.709192276000977
			*MESH_VERTEX 73	-11.191396713256836	9.118555068969727	27.1463565826416
			*MESH_VERTEX 74	-23.02115249633789	9.118547439575195	27.14635467529297
			*MESH_VERTEX 75	-11.191396713256836	10.834585189819336	19.974184036254883
			*MESH_VERTEX 76	-20.52123260498047	8.380407333374023	19.58829689025879
			*MESH_VERTEX 77	-7.746108531951904	12.761849403381348	26.458003997802734
			*MESH_VERTEX 78	-26.46644401550293	12.761850357055664	26.458003997802734
			*MESH_VERTEX 79	-26.46644401550293	13.896259307861328	21.71672248840332
			*MESH_VERTEX 80	-17.106271743774414	23.085186004638672	23.161500930786133
			*MESH_VERTEX 81	-9.000130653381348	18.490713119506836	22.439117431640625
			*MESH_VERTEX 82	-17.106273651123047	21.950773239135742	27.90275764465332
			*MESH_VERTEX 83	-21.786359786987305	5.938412666320801	20.465547561645508
			*MESH_VERTEX 84	-21.786359786987305	4.804008483886719	25.206815719604492
			*MESH_VERTEX 85	-12.426190376281738	4.8040080070495605	25.20681381225586
			*MESH_VERTEX 86	-13.691314697265625	18.277708053588867	28.586441040039062
			*MESH_VERTEX 87	-20.5212345123291	19.993743896484375	21.414249420166016
			*MESH_VERTEX 88	-20.521228790283203	18.27770233154297	28.586444854736328
			*MESH_VERTEX 89	-10.276361465454102	14.187071800231934	20.501279830932617
			*MESH_VERTEX 90	-10.276362419128418	12.471039772033691	27.673471450805664
			*MESH_VERTEX 91	-23.936189651489258	12.471040725708008	27.673471450805664
			*MESH_VERTEX 92	-23.936187744140625	14.187073707580566	20.501283645629883
			*MESH_VERTEX 93	-13.691314697265625	19.993743896484375	21.414249420166016
			*MESH_VERTEX 94	-17.106273651123047	5.7660722732543945	26.61924934387207
			*MESH_VERTEX 95	-17.106273651123047	7.48211669921875	19.447086334228516
			*MESH_VERTEX 96	11.400289535522461	15.507467269897461	20.31475830078125
			*MESH_VERTEX 97	21.547204971313477	15.450859069824219	20.54339027404785
			*MESH_VERTEX 98	14.641560554504395	18.344518661499023	20.943286895751953
			*MESH_VERTEX 99	20.39417839050293	9.562804222106934	19.90389060974121
			*MESH_VERTEX 100	17.179370880126953	8.85639476776123	19.932907104492188
			*MESH_VERTEX 101	8.864530563354492	14.742159843444824	18.68504524230957
			*MESH_VERTEX 102	25.59698486328125	14.560172080993652	18.926807403564453
			*MESH_VERTEX 103	16.4664306640625	24.421871185302734	21.664447784423828
			*MESH_VERTEX 104	18.964794158935547	5.755496978759766	20.174152374267578
			*MESH_VERTEX 105	9.798510551452637	14.378129005432129	9.881765365600586
			*MESH_VERTEX 106	26.454952239990234	15.037224769592285	10.370221138000488
			*MESH_VERTEX 107	16.69696617126465	26.601045608520508	10.135835647583008
			*MESH_VERTEX 108	19.562992095947266	4.589700222015381	12.914283752441406
			*MESH_VERTEX 109	12.742951393127441	-4.635772228240967	9.142292022705078
			*MESH_VERTEX 110	26.033052444458008	-7.796866416931152	7.1974711418151855
			*MESH_VERTEX 111	20.88947868347168	-10.192971229553223	1.1553512811660767
			*MESH_VERTEX 112	26.776853561401367	-7.058121204376221	-0.20177526772022247
			*MESH_VERTEX 113	27.337793350219727	-3.8506860733032227	9.44208812713623
			*MESH_VERTEX 114	24.322797775268555	19.799041748046875	0.8222044706344604
			*MESH_VERTEX 115	9.988602638244629	18.95311737060547	0.5961140990257263
			*MESH_VERTEX 116	14.064556121826172	-7.527443885803223	-0.262236624956131
			*MESH_VERTEX 117	27.476099014282227	2.8113608360290527	0.4146190881729126
			*MESH_VERTEX 118	16.369155883789062	24.890134811401367	0.8909960389137268
			*MESH_VERTEX 119	12.509256362915039	2.1124138832092285	0.09779130667448044
			*MESH_VERTEX 120	17.449934005737305	19.065183639526367	21.844425201416016
			*MESH_VERTEX 121	11.676292419433594	8.581619262695312	19.210424423217773
			*MESH_VERTEX 122	24.61777114868164	8.143648147583008	19.625564575195312
			*MESH_VERTEX 123	10.01689624786377	18.738849639892578	20.281553268432617
			*MESH_VERTEX 124	24.01173973083496	20.48495864868164	20.622434616088867
			*MESH_VERTEX 125	15.924080848693848	-9.59696102142334	7.156002521514893
			*MESH_VERTEX 126	-13.143867492675781	14.841316223144531	20.215848922729492
			*MESH_VERTEX 127	-22.18238639831543	14.36007022857666	20.10205078125
			*MESH_VERTEX 128	-15.756559371948242	18.573320388793945	20.80237579345703
			*MESH_VERTEX 129	-19.562307357788086	9.259325981140137	19.623178482055664
			*MESH_VERTEX 130	-16.384180068969727	8.989837646484375	19.39129066467285
			*MESH_VERTEX 131	-9.473078727722168	14.248979568481445	18.330278396606445
			*MESH_VERTEX 132	-26.171142578125	13.045254707336426	18.593149185180664
			*MESH_VERTEX 133	-17.545042037963867	23.54026222229004	21.30967903137207
			*MESH_VERTEX 134	-19.115806579589844	4.7731170654296875	19.819355010986328
			*MESH_VERTEX 135	-10.387868881225586	13.839101791381836	9.526959419250488
			*MESH_VERTEX 136	-27.05649757385254	13.672423362731934	10.01541805267334
			*MESH_VERTEX 137	-17.88327980041504	25.70534896850586	9.781046867370605
			*MESH_VERTEX 138	-19.65555763244629	3.579120635986328	12.559525489807129
			*MESH_VERTEX 139	-12.386987686157227	-5.297288417816162	8.787535667419434
			*MESH_VERTEX 140	-25.49346351623535	-9.546207427978516	6.890087604522705
			*MESH_VERTEX 141	-20.248273849487305	-11.251173973083496	0.8006006479263306
			*MESH_VERTEX 142	-26.283681869506836	-8.411765098571777	-0.5565237998962402
			*MESH_VERTEX 143	-27.002784729003906	-5.236032009124756	9.087326049804688
			*MESH_VERTEX 144	-25.16280746459961	18.53398323059082	0.46739786863327026
			*MESH_VERTEX 145	-10.804326057434082	18.399030685424805	0.24129760265350342
			*MESH_VERTEX 146	-13.654549598693848	-8.253146171569824	-0.6170045733451843
			*MESH_VERTEX 147	-27.470884323120117	1.4109724760055542	0.05984813719987869
			*MESH_VERTEX 148	-17.47108268737793	24.012758255004883	0.5361886620521545
			*MESH_VERTEX 149	-12.487805366516113	1.4541627168655396	-0.25698113441467285
			*MESH_VERTEX 150	-18.649459838867188	18.883895874023438	21.489654541015625
			*MESH_VERTEX 151	-11.956376075744629	7.4131598472595215	18.91510772705078
			*MESH_VERTEX 152	-24.904329299926758	7.855922698974609	19.163890838623047
			*MESH_VERTEX 153	-10.821985244750977	18.183683395385742	19.926780700683594
			*MESH_VERTEX 154	-23.860286712646484	19.376001358032227	20.254962921142578
			*MESH_VERTEX 155	-15.409290313720703	-10.412216186523438	6.801243782043457
			*MESH_VERTEX 156	-15.512804985046387	7.165110111236572	110.15156555175781
			*MESH_VERTEX 157	0.1770736277103424	-4.7603888511657715	109.89315795898438
			*MESH_VERTEX 158	-0.26694414019584656	18.766769409179688	110.41459655761719
			*MESH_VERTEX 159	-10.70432186126709	-1.7684446573257446	110.21819305419922
			*MESH_VERTEX 160	-9.875161170959473	16.024240493774414	110.2131576538086
			*MESH_VERTEX 161	15.380123138427734	8.84754467010498	110.1668472290039
			*MESH_VERTEX 162	11.283154487609863	-0.48230722546577454	110.20993041992188
			*MESH_VERTEX 163	8.876141548156738	17.067720413208008	110.16212463378906
			*MESH_VERTEX 164	0.0784117579460144	4.797045707702637	117.91163635253906
			*MESH_VERTEX 165	-14.726546287536621	7.150050163269043	116.16139221191406
			*MESH_VERTEX 166	0.23027244210243225	-4.379608631134033	116.1397476196289
			*MESH_VERTEX 167	-0.19487443566322327	18.190486907958984	115.89361572265625
			*MESH_VERTEX 168	-10.162875175476074	-1.3370821475982666	116.20784759521484
			*MESH_VERTEX 169	-9.357331275939941	15.603126525878906	116.01202392578125
			*MESH_VERTEX 170	14.634530067443848	8.73765754699707	115.85150146484375
			*MESH_VERTEX 171	10.734381675720215	-0.12242822349071503	115.98779296875
			*MESH_VERTEX 172	8.463850975036621	16.589956283569336	115.82312774658203
			*MESH_VERTEX 173	-10.481097221374512	-3.782078981399536	55.752288818359375
			*MESH_VERTEX 174	-19.566329956054688	-3.8805174827575684	56.616539001464844
			*MESH_VERTEX 175	-2.886056661605835	16.739013671875	47.029884338378906
			*MESH_VERTEX 176	-8.460833549499512	10.747787475585938	42.428924560546875
			*MESH_VERTEX 177	-23.191551208496094	12.653413772583008	44.33507537841797
			*MESH_VERTEX 178	-26.43644142150879	15.908506393432617	48.96936798095703
			*MESH_VERTEX 179	-12.487951278686523	18.751789093017578	43.01200866699219
			*MESH_VERTEX 180	-13.60018539428711	23.436433792114258	50.121273040771484
			*MESH_VERTEX 181	-18.724929809570312	1.8219064474105835	42.27546310424805
			*MESH_VERTEX 182	-27.778593063354492	6.376274108886719	48.907527923583984
			*MESH_VERTEX 183	-2.581631660461426	6.923120498657227	45.78652572631836
			*MESH_VERTEX 184	-13.034488677978516	1.9445425271987915	41.64970397949219
			*MESH_VERTEX 185	-21.906404495239258	7.753669261932373	86.67726135253906
			*MESH_VERTEX 186	-11.696640014648438	18.15886116027832	85.08395385742188
			*MESH_VERTEX 187	-0.5097076892852783	4.870821475982666	83.23419952392578
			*MESH_VERTEX 188	-7.009425163269043	-4.413397789001465	85.37960815429688
			*MESH_VERTEX 189	-16.758604049682617	-3.7673544883728027	87.41529083251953
			*MESH_VERTEX 190	-3.282125949859619	17.13642692565918	84.29368591308594
			*MESH_VERTEX 191	-23.657188415527344	8.37350845336914	61.594329833984375
			*MESH_VERTEX 192	-19.010971069335938	16.02040672302246	61.63633346557617
			*MESH_VERTEX 193	-8.652619361877441	16.15377426147461	60.57296371459961
			*MESH_VERTEX 194	-2.192194700241089	8.789091110229492	60.06312561035156
			*MESH_VERTEX 195	-9.23487377166748	-4.479983329772949	61.58466339111328
			*MESH_VERTEX 196	-18.55324935913086	-4.589354038238525	62.61994171142578
			*MESH_VERTEX 197	-11.991877555847168	-4.169927597045898	45.40855407714844
			*MESH_VERTEX 198	-20.39697265625	-5.5754218101501465	46.83946990966797
			*MESH_VERTEX 199	-18.856508255004883	18.634387969970703	43.69261932373047
			*MESH_VERTEX 200	9.818586349487305	-3.3251419067382812	56.237335205078125
			*MESH_VERTEX 201	19.653242111206055	-2.911381959915161	57.485015869140625
			*MESH_VERTEX 202	2.756439447402954	16.36602210998535	47.71084976196289
			*MESH_VERTEX 203	7.952418804168701	11.481717109680176	42.70735549926758
			*MESH_VERTEX 204	22.45802116394043	11.919970512390137	44.60546112060547
			*MESH_VERTEX 205	26.118850708007812	17.347959518432617	48.94704055786133
			*MESH_VERTEX 206	11.629546165466309	19.413318634033203	43.583984375
			*MESH_VERTEX 207	15.838951110839844	24.110050201416016	50.40465545654297
			*MESH_VERTEX 208	19.119827270507812	2.925687789916992	42.887611389160156
			*MESH_VERTEX 209	27.381595611572266	7.845816612243652	49.71793746948242
			*MESH_VERTEX 210	2.1679556369781494	7.071329116821289	46.270870208740234
			*MESH_VERTEX 211	14.274701118469238	2.7837343215942383	42.15523910522461
			*MESH_VERTEX 212	20.332063674926758	7.221081733703613	87.25749969482422
			*MESH_VERTEX 213	12.262982368469238	16.85299301147461	85.88459777832031
			*MESH_VERTEX 214	0.24465538561344147	4.938676357269287	83.63488006591797
			*MESH_VERTEX 215	6.776766300201416	-4.449637413024902	86.03914642333984
			*MESH_VERTEX 216	16.42818260192871	-2.870849370956421	87.93489074707031
			*MESH_VERTEX 217	3.1823277473449707	17.561553955078125	85.10670471191406
			*MESH_VERTEX 218	23.64615821838379	9.512375831604004	61.9825553894043
			*MESH_VERTEX 219	18.38714599609375	16.962543487548828	61.977386474609375
			*MESH_VERTEX 220	7.42131233215332	16.56546974182129	60.893802642822266
			*MESH_VERTEX 221	2.2282297611236572	8.866618156433105	60.45494079589844
			*MESH_VERTEX 222	9.043174743652344	-4.024945259094238	61.838279724121094
			*MESH_VERTEX 223	18.686189651489258	-3.6609463691711426	62.901031494140625
			*MESH_VERTEX 224	12.082197189331055	-3.6467368602752686	45.83884048461914
			*MESH_VERTEX 225	20.320465087890625	-4.271722793579102	47.63291549682617
			*MESH_VERTEX 226	18.11414909362793	19.623273849487305	44.41083908081055
			*MESH_VERTEX 227	-0.1288680136203766	8.581939697265625	90.31210327148438
			*MESH_VERTEX 228	-14.333433151245117	-2.1265196800231934	99.58301544189453
			*MESH_VERTEX 229	-0.49383747577667236	23.161848068237305	92.4445571899414
			*MESH_VERTEX 230	-19.07574462890625	9.658801078796387	99.78062438964844
			*MESH_VERTEX 231	-12.288731575012207	18.97543716430664	103.22239685058594
			*MESH_VERTEX 232	-1.531514286994934	-4.662343978881836	92.4094467163086
			*MESH_VERTEX 233	-4.684666156768799	20.799848556518555	88.59614562988281
			*MESH_VERTEX 234	13.939900398254395	-2.272766590118408	100.54620361328125
			*MESH_VERTEX 235	18.613615036010742	8.751229286193848	100.1895523071289
			*MESH_VERTEX 236	11.822417259216309	18.41335678100586	103.30297088623047
			*MESH_VERTEX 237	1.7260892391204834	-4.675394058227539	92.73303985595703
			*MESH_VERTEX 238	4.441834449768066	20.470500946044922	88.52228546142578
			*MESH_VERTEX 239	-0.4305698573589325	21.07306480407715	103.7786865234375
			*MESH_VERTEX 240	-14.872685432434082	16.85163116455078	90.96537780761719
			*MESH_VERTEX 241	13.734264373779297	17.060409545898438	91.51193237304688
			*MESH_VERTEX 242	16.4235782623291	13.057353973388672	92.26821899414062
			*MESH_VERTEX 243	-17.395578384399414	12.692944526672363	91.57239532470703
			*MESH_VERTEX 244	15.494352340698242	14.64826774597168	97.50798797607422
			*MESH_VERTEX 245	7.7540693283081055	22.181467056274414	97.28167724609375
			*MESH_VERTEX 246	-15.386279106140137	16.25818634033203	96.7499771118164
			*MESH_VERTEX 247	-8.223210334777832	22.870197296142578	97.3376235961914
			*MESH_VERTEX 248	-0.49121180176734924	23.140256881713867	98.37268829345703
			*MESH_VERTEX 249	-4.79670524597168	-2.9716434478759766	94.49849700927734
			*MESH_VERTEX 250	4.476992607116699	-3.2917983531951904	94.69001770019531
			*MESH_VERTEX 251	-29.068130493164062	7.480644226074219	94.04452514648438
			*MESH_VERTEX 252	-26.328664779663086	8.431791305541992	93.90857696533203
			*MESH_VERTEX 253	-23.64376449584961	5.743350028991699	94.81268310546875
			*MESH_VERTEX 254	-29.853960037231445	3.4509127140045166	95.59781646728516
			*MESH_VERTEX 255	-27.570104598999023	0.7973431348800659	96.52522277832031
			*MESH_VERTEX 256	-23.812524795532227	0.8706043362617493	96.11556243896484
			*MESH_VERTEX 257	-24.98861312866211	8.286724090576172	87.12438201904297
			*MESH_VERTEX 258	-19.80518341064453	2.3086295127868652	91.73277282714844
			*MESH_VERTEX 259	-30.989482879638672	2.718519687652588	84.42255401611328
			*MESH_VERTEX 260	-25.493013381958008	-5.014645099639893	86.52136993408203
			*MESH_VERTEX 261	-22.74376678466797	-2.5873870849609375	89.10115051269531
			*MESH_VERTEX 262	-26.494535446166992	7.2676496505737305	90.1402816772461
			*MESH_VERTEX 263	-21.60979461669922	-0.6965125203132629	93.389404296875
			*MESH_VERTEX 264	-29.51962661743164	6.256445407867432	89.44097900390625
			*MESH_VERTEX 265	-19.684541702270508	-1.2191877365112305	83.08293151855469
			*MESH_VERTEX 266	-25.617229461669922	5.7187113761901855	81.806884765625
			*MESH_VERTEX 267	-24.48558807373047	-4.783534049987793	84.9596939086914
			*MESH_VERTEX 268	-30.07298469543457	3.2141733169555664	83.16670227050781
			*MESH_VERTEX 269	-32.346920013427734	14.040984153747559	111.1817855834961
			*MESH_VERTEX 270	-28.784912109375	16.14780044555664	110.4452133178711
			*MESH_VERTEX 271	-19.976850509643555	13.162273406982422	111.13870239257812
			*MESH_VERTEX 272	-22.8631591796875	16.630550384521484	110.17371368408203
			*MESH_VERTEX 273	-29.452497482299805	6.019986629486084	113.47042083740234
