*3DSMAX_ASCIIEXPORT	110
*COMMENT "[ Kerrax ASCII Model Exporter ] - Feb 25 2013"
*SCENE {
	*SCENE_FILENAME ""
	*SCENE_FIRSTFRAME 0
	*SCENE_LASTFRAME 100
	*SCENE_FRAMESPEED 25
	*SCENE_TICKSPERFRAME 192
	*SCENE_BACKGROUND_STATIC 0	0	0
	*SCENE_AMBIENT_STATIC 0.2	0.2	0.2
}
*MATERIAL_LIST {
	*MATERIAL_COUNT 1
	*MATERIAL 0 {
		*MATERIAL_NAME "MultiMtl #0"
		*MATERIAL_CLASS "Multi/Sub-Object"
		*NUMSUBMTLS 3
		*SUBMATERIAL 0 {
			*MATERIAL_NAME "DRGH_V1"
			*MATERIAL_CLASS "Standard"
			*MATERIAL_DIFFUSE 0.11372499912977219	0.08627449721097946	0.06666669994592667
			*MAP_DIFFUSE {
				*BITMAP "DRGH_V1.TGA"
			}
		}
		*SUBMATERIAL 1 {
			*MATERIAL_NAME "NACKED_MUSCEL0"
			*MATERIAL_CLASS "Standard"
			*MATERIAL_DIFFUSE 0.16078400611877441	0.1411760002374649	0.11372499912977219
			*MAP_DIFFUSE {
				*BITMAP "HUM_BODY_NAKED_V0_C0.TGA"
			}
		}
		*SUBMATERIAL 2 {
			*MATERIAL_NAME "HELM"
			*MATERIAL_CLASS "Standard"
			*MATERIAL_DIFFUSE 0.137254998087883	0.11764699965715408	0.09411770105361938
			*MAP_DIFFUSE {
				*BITMAP "HELMDRGH_V1.TGA"
			}
		}
	}
}
*HELPEROBJECT {
	*NODE_NAME "Bip01"
	*NODE_TM {
		*NODE_NAME "Bip01"
		*TM_ROW0 -3.422854177870249e-08	-1.0	0.0
		*TM_ROW1 1.0	-3.422854177870249e-08	0.0
		*TM_ROW2 0.0	0.0	1.0
		*TM_ROW3 0.0	-7.377449989318848	99.94960021972656
		*TM_POS 0.0	-7.377449989318848	99.94960021972656
		*TM_ROTAXIS 0.0	0.0	1.0
		*TM_ROTANGLE 1.5707963610234383
		*TM_SCALE 1	1	1
		*TM_SCALEAXIS 0	0	0
		*TM_SCALEAXISANG 0	0	0
	}
}
*HELPEROBJECT {
	*NODE_NAME "Bip01 Pelvis"
	*NODE_PARENT "Bip01"
	*NODE_TM {
		*NODE_NAME "Bip01 Pelvis"
		*TM_ROW0 -5.960626481282816e-08	1.8223674942419166e-06	1.0
		*TM_ROW1 -1.7722463780955877e-06	-1.0	1.8223673805550789e-06
		*TM_ROW2 1.0	-1.77224626440875e-06	5.96062577074008e-08
		*TM_ROW3 -5.308608160703443e-05	-8.011300086975098	99.94960021972656
		*TM_POS -5.308608160703443e-05	-8.011300086975098	99.94960021972656
		*TM_ROTAXIS 0.7071067690849304	1.772048996429021e-08	0.7071068286895752
		*TM_ROTANGLE 3.141595195365559
		*TM_SCALE 1	1	1
		*TM_SCALEAXIS 0	0	0
		*TM_SCALEAXISANG 0	0	0
	}
}
*HELPEROBJECT {
	*NODE_NAME "Bip01 Spine"
	*NODE_PARENT "Bip01 Pelvis"
	*NODE_TM {
		*NODE_NAME "Bip01 Spine"
		*TM_ROW0 -0.00037440427695401013	-0.020591801032423973	0.9998817443847656
		*TM_ROW1 -3.0183075523382286e-06	-0.9999756217002869	-0.020591802895069122
		*TM_ROW2 1.0000938177108765	-8.795079338597134e-06	0.00018666376126930118
		*TM_ROW3 -5.308608160703443e-05	-7.922159194946289	102.3499984741211
		*TM_POS -5.308608160703443e-05	-7.922159194946289	102.3499984741211
		*TM_ROTAXIS 0.7070220112800598	-0.007282627280801535	0.7072203755378723
		*TM_ROTANGLE 3.1270360097568113
		*TM_SCALE 1	1	1
		*TM_SCALEAXIS 0	0	0
		*TM_SCALEAXISANG 0	0	0
	}
}
*HELPEROBJECT {
	*NODE_NAME "Bip01 Spine1"
	*NODE_PARENT "Bip01 Spine"
	*NODE_TM {
		*NODE_NAME "Bip01 Spine1"
		*TM_ROW0 -0.00573488837108016	-0.002791384933516383	1.0054978132247925
		*TM_ROW1 -2.47214047703892e-05	-1.0109995603561401	-0.0027913907542824745
		*TM_ROW2 1.0055017471313477	-2.536859938118141e-05	-0.005268631037324667
		*TM_ROW3 -5.308608160703443e-05	-8.114419937133789	112.17500305175781
		*TM_POS -5.308608160703443e-05	-8.114419937133789	112.17500305175781
		*TM_ROTAXIS 0.7089667320251465	-0.0009930329397320747	0.709131121635437
		*TM_ROTANGLE 3.1396419103957287
		*TM_SCALE 1	1	1
		*TM_SCALEAXIS 0	0	0
		*TM_SCALEAXISANG 0	0	0
	}
}
*HELPEROBJECT {
	*NODE_NAME "Bip01 Spine2"
	*NODE_PARENT "Bip01 Spine1"
	*NODE_TM {
		*NODE_NAME "Bip01 Spine2"
		*TM_ROW0 -5.834082003275398e-06	0.18024271726608276	0.9836238026618958
		*TM_ROW1 2.5556862510711653e-06	-0.9836254119873047	0.18024271726608276
		*TM_ROW2 1.0000016689300537	3.2733387342887e-06	2.0639015474444022e-06
		*TM_ROW3 -5.308044273988344e-05	-8.126399993896484	124.96099853515625
		*TM_POS -5.308044273988344e-05	-8.126399993896484	124.96099853515625
		*TM_ROTAXIS -0.7056508660316467	-0.0641203373670578	-0.7056536674499512
		*TM_ROTANGLE 3.0135314252745045
		*TM_SCALE 1	1	1
		*TM_SCALEAXIS 0	0	0
		*TM_SCALEAXISANG 0	0	0
	}
}
*HELPEROBJECT {
	*NODE_NAME "Bip01 Neck"
	*NODE_PARENT "Bip01 Spine2"
	*NODE_TM {
		*NODE_NAME "Bip01 Neck"
		*TM_ROW0 -6.5097015067294706e-06	-0.16704247891902924	0.9859535694122314
		*TM_ROW1 4.12343024436268e-06	-0.9859573841094971	-0.16704247891902924
		*TM_ROW2 1.0000038146972656	3.6130277294432744e-06	-4.415612124830659e-07
		*TM_ROW3 -6.308210868155584e-05	-2.716559648513794	154.45399475097656
		*TM_POS -6.308210868155584e-05	-2.716559648513794	154.45399475097656
		*TM_ROTAXIS 0.7058597803115845	-0.05936986207962036	0.7058619260787964
		*TM_ROTANGLE 3.0229866669531997
		*TM_SCALE 1	1	1
		*TM_SCALEAXIS 0	0	0
		*TM_SCALEAXISANG 0	0	0
	}
}
*HELPEROBJECT {
	*NODE_NAME "Bip01 Head"
	*NODE_PARENT "Bip01 Neck"
	*NODE_TM {
		*NODE_NAME "Bip01 Head"
		*TM_ROW0 -5.953867798780266e-08	1.8372672911937116e-06	1.0
		*TM_ROW1 -1.8040858549284167e-06	-1.0	1.8372672911937116e-06
		*TM_ROW2 1.0	-1.804085741241579e-06	5.95386708823753e-08
		*TM_ROW3 -6.308210140559822e-05	-3.8590080738067627	161.197998046875
		*TM_POS -6.308210140559822e-05	-3.8590080738067627	161.197998046875
		*TM_ROTAXIS 0.7071067690849304	1.1731448701368663e-08	0.7071068286895752
		*TM_ROTANGLE 3.141595228415219
		*TM_SCALE 1	1	1
		*TM_SCALEAXIS 0	0	0
		*TM_SCALEAXISANG 0	0	0
	}
}
*HELPEROBJECT {
	*NODE_NAME "ZS_HELMET"
	*NODE_PARENT "Bip01 Head"
	*NODE_TM {
		*NODE_NAME "ZS_HELMET"
		*TM_ROW0 1.0	6.065633563999417e-13	2.636452898173696e-14
		*TM_ROW1 -6.026249920083881e-13	0.9969173073768616	-0.07845930755138397
		*TM_ROW2 -7.38737955356672e-14	0.07845930755138397	0.9969173073768616
		*TM_ROW3 1.000000429485226e-05	-7.062478542327881	173.70399475097656
		*TM_POS 1.000000429485226e-05	-7.062478542327881	173.70399475097656
		*TM_ROTAXIS 0.9999984502792358	6.387907780860957e-13	-7.705818622083527e-12
		*TM_ROTANGLE 0.07854015577551095
		*TM_SCALE 1	1	1
		*TM_SCALEAXIS 0	0	0
		*TM_SCALEAXISANG 0	0	0
	}
}
*HELPEROBJECT {
	*NODE_NAME "Bip01 L Clavicle"
	*NODE_PARENT "Bip01 Neck"
	*NODE_TM {
		*NODE_NAME "Bip01 L Clavicle"
		*TM_ROW0 0.9352287650108337	-0.20389285683631897	-0.2894389033317566
		*TM_ROW1 0.15643517673015594	0.9713689088821411	-0.17880289256572723
		*TM_ROW2 0.3176085948944092	0.12194318324327469	0.9403481483459473
		*TM_ROW3 7.963926315307617	-1.2580386400222778	148.72900390625
		*TM_POS 7.963926315307617	-1.2580386400222778	148.72900390625
		*TM_ROTAXIS 0.3919396996498108	-0.7911192774772644	0.46958836913108826
		*TM_ROTANGLE 0.3937603776639585
		*TM_SCALE 1	1	1
		*TM_SCALEAXIS 0	0	0
		*TM_SCALEAXISANG 0	0	0
	}
}
*HELPEROBJECT {
	*NODE_NAME "Bip01 L UpperArm"
	*NODE_PARENT "Bip01 L Clavicle"
	*NODE_TM {
		*NODE_NAME "Bip01 L UpperArm"
		*TM_ROW0 0.2462294101715088	0.09890282154083252	-0.9641520977020264
		*TM_ROW1 0.41278907656669617	0.8893449306488037	0.196648970246315
		*TM_ROW2 0.8769128918647766	-0.44641220569610596	0.17815686762332916
		*TM_ROW3 20.426834106445312	-3.9750773906707764	144.87197875976562
		*TM_POS 20.426834106445312	-3.9750773906707764	144.87197875976562
		*TM_ROTAXIS -0.3255610466003418	-0.9320715665817261	0.15891043841838837
		*TM_ROTANGLE 1.4132802028737945
		*TM_SCALE 1	1	1
		*TM_SCALEAXIS 0	0	0
		*TM_SCALEAXISANG 0	0	0
	}
}
*HELPEROBJECT {
	*NODE_NAME "Bip01 L Forearm"
	*NODE_PARENT "Bip01 L UpperArm"
	*NODE_TM {
		*NODE_NAME "Bip01 L Forearm"
		*TM_ROW0 0.04551244527101517	-0.2918819189071655	-0.9553709030151367
		*TM_ROW1 0.4784889817237854	0.8458859324455261	-0.23563793301582336
		*TM_ROW2 0.8769132494926453	-0.44641000032424927	0.17816062271595
		*TM_ROW3 27.298131942749023	-1.215256929397583	117.96599578857422
		*TM_POS 27.298131942749023	-1.215256929397583	117.96599578857422
		*TM_ROTAXIS -0.10544983297586441	-0.9166966676712036	0.3854186236858368
		*TM_ROTANGLE 1.5360098056891287
		*TM_SCALE 1	1	1
		*TM_SCALEAXIS 0	0	0
		*TM_SCALEAXISANG 0	0	0
	}
}
*HELPEROBJECT {
	*NODE_NAME "Bip01 L Hand"
	*NODE_PARENT "Bip01 L Forearm"
	*NODE_TM {
		*NODE_NAME "Bip01 L Hand"
		*TM_ROW0 0.045513495802879333	-0.2918858528137207	-0.9553696513175964
		*TM_ROW1 -0.8765332102775574	0.44708016514778137	-0.1783503144979477
		*TM_ROW2 0.4791847765445709	0.84553062915802	-0.23549947142601013
		*TM_ROW3 28.564130783081055	-9.334386825561523	91.39100646972656
		*TM_POS 28.564130783081055	-9.334386825561523	91.39100646972656
		*TM_ROTAXIS 0.5513915419578552	-0.7725518941879272	-0.31485068798065186
		*TM_ROTANGLE 1.9513696878911342
		*TM_SCALE 1	1	1
		*TM_SCALEAXIS 0	0	0
		*TM_SCALEAXISANG 0	0	0
	}
}
*HELPEROBJECT {
	*NODE_NAME "Bip01 L Finger0"
	*NODE_PARENT "Bip01 L Hand"
	*NODE_TM {
		*NODE_NAME "Bip01 L Finger0"
		*TM_ROW0 0.045515600591897964	-0.291888028383255	-0.9553688764572144
		*TM_ROW1 -0.8769149780273438	0.4464047849178314	-0.1781652271747589
		*TM_ROW2 0.4784855246543884	0.8458865880966187	-0.23564261198043823
		*TM_ROW3 29.149930953979492	-13.090896606445312	79.0956039428711
		*TM_POS 29.149930953979492	-13.090896606445312	79.0956039428711
		*TM_ROTAXIS 0.5515806674957275	-0.7723108530044556	-0.31511056423187256
		*TM_ROTANGLE 1.9518094698690687
		*TM_SCALE 1	1	1
		*TM_SCALEAXIS 0	0	0
		*TM_SCALEAXISANG 0	0	0
	}
}
*HELPEROBJECT {
	*NODE_NAME "ZS_LEFTHAND"
	*NODE_PARENT "Bip01 L Hand"
	*NODE_TM {
		*NODE_NAME "ZS_LEFTHAND"
		*TM_ROW0 0.43560555577278137	0.8900619745254517	-0.13430365920066833
		*TM_ROW1 0.18031275272369385	-0.23246172070503235	-0.9557452201843262
		*TM_ROW2 -0.8818929195404053	0.39211127161979675	-0.2617511451244354
		*TM_ROW3 26.760494232177734	-11.546795845031738	82.78567504882812
		*TM_POS 26.760494232177734	-11.546795845031738	82.78567504882812
		*TM_ROTAXIS 0.794321596622467	0.4405708611011505	-0.41827088594436646
		*TM_ROTANGLE 2.128575897613449
		*TM_SCALE 1	1	1
		*TM_SCALEAXIS 0	0	0
		*TM_SCALEAXISANG 0	0	0
	}
}
*HELPEROBJECT {
	*NODE_NAME "ZS_LEFTARM"
	*NODE_PARENT "Bip01 L Forearm"
	*NODE_TM {
		*NODE_NAME "ZS_LEFTARM"
		*TM_ROW0 0.07599218189716339	-0.15017615258693695	-0.9857344031333923
		*TM_ROW1 0.524498701095581	0.8467914462089539	-0.0885736495256424
		*TM_ROW2 0.8480131030082703	-0.5102855563163757	0.14311674237251282
		*TM_ROW3 26.91010284423828	-7.6783223152160645	110.05500793457031
		*TM_POS 26.91010284423828	-7.6783223152160645	110.05500793457031
		*TM_ROTAXIS -0.21097049117088318	-0.9173718690872192	0.3375207185745239
		*TM_ROTANGLE 1.5378401986242334
		*TM_SCALE 1	1	1
		*TM_SCALEAXIS 0	0	0
		*TM_SCALEAXISANG 0	0	0
	}
}
*HELPEROBJECT {
	*NODE_NAME "Bip01 R Clavicle"
	*NODE_PARENT "Bip01 Neck"
	*NODE_TM {
		*NODE_NAME "Bip01 R Clavicle"
		*TM_ROW0 -0.9352281093597412	-0.2038988471031189	-0.28944024443626404
		*TM_ROW1 -0.1564422845840454	0.9713683724403381	-0.1787997931241989
		*TM_ROW2 0.31761014461517334	-0.12193774431943893	-0.9403494000434875
		*TM_ROW3 -7.964043140411377	-1.258058786392212	148.72900390625
		*TM_POS -7.964043140411377	-1.258058786392212	148.72900390625
		*TM_ROTAXIS 0.09297996759414673	-0.9926396608352661	0.07760026305913925
		*TM_ROTANGLE 2.8308394837531288
		*TM_SCALE 1	1	1
		*TM_SCALEAXIS 0	0	0
		*TM_SCALEAXISANG 0	0	0
	}
}
*HELPEROBJECT {
	*NODE_NAME "Bip01 R UpperArm"
	*NODE_PARENT "Bip01 R Clavicle"
	*NODE_TM {
		*NODE_NAME "Bip01 R UpperArm"
		*TM_ROW0 -0.24623192846775055	0.09889315068721771	-0.9641525149345398
		*TM_ROW1 -0.4127928614616394	0.8893446922302246	0.19664199650287628
		*TM_ROW2 0.8769104480743408	0.4464147984981537	-0.17816267907619476
		*TM_ROW3 -20.426959991455078	-3.975128412246704	144.87197875976562
		*TM_POS -20.426959991455078	-3.975128412246704	144.87197875976562
		*TM_ROTAXIS 0.1296105831861496	-0.9553532004356384	-0.26552098989486694
		*TM_ROTANGLE 1.841619723750974
		*TM_SCALE 1	1	1
		*TM_SCALEAXIS 0	0	0
		*TM_SCALEAXISANG 0	0	0
	}
}
*HELPEROBJECT {
	*NODE_NAME "Bip01 R Forearm"
	*NODE_PARENT "Bip01 R UpperArm"
	*NODE_TM {
		*NODE_NAME "Bip01 R Forearm"
		*TM_ROW0 -0.045508697628974915	-0.29188910126686096	-0.9553689360618591
		*TM_ROW1 -0.47848695516586304	0.8458847403526306	-0.23564641177654266
		*TM_ROW2 0.8769146203994751	0.44640758633613586	-0.17816025018692017
		*TM_ROW3 -27.298259735107422	-1.2153390645980835	117.96599578857422
		*TM_POS -27.298259735107422	-1.2153390645980835	117.96599578857422
		*TM_ROTAXIS 0.34727877378463745	-0.9329366087913513	-0.09500928968191147
		*TM_ROTANGLE 1.7608300598741167
		*TM_SCALE 1	1	1
		*TM_SCALEAXIS 0	0	0
		*TM_SCALEAXISANG 0	0	0
	}
}
*HELPEROBJECT {
	*NODE_NAME "Bip01 R Hand"
	*NODE_PARENT "Bip01 R Forearm"
	*NODE_TM {
		*NODE_NAME "Bip01 R Hand"
		*TM_ROW0 -0.04551112279295921	-0.2918848395347595	-0.9553701281547546
		*TM_ROW1 0.8765296339988708	0.4470875859260559	-0.17834962904453278
		*TM_ROW2 0.47919172048568726	-0.8455270528793335	0.23549820482730865
		*TM_ROW3 -28.564258575439453	-9.334449768066406	91.39109802246094
		*TM_POS -28.564258575439453	-9.334449768066406	91.39109802246094
		*TM_ROTAXIS -0.33922049403190613	-0.7293903827667236	0.5940700769424438
		*TM_ROTANGLE 1.7532698002104419
		*TM_SCALE 1	1	1
		*TM_SCALEAXIS 0	0	0
		*TM_SCALEAXISANG 0	0	0
	}
}
*HELPEROBJECT {
	*NODE_NAME "Bip01 R Finger0"
	*NODE_PARENT "Bip01 R Hand"
	*NODE_TM {
		*NODE_NAME "Bip01 R Finger0"
		*TM_ROW0 -0.04550528526306152	-0.2918771505355835	-0.9553728103637695
		*TM_ROW1 0.8769137263298035	0.4464126229286194	-0.17815224826335907
		*TM_ROW2 0.47848910093307495	-0.8458862900733948	0.2356368750333786
		*TM_ROW3 -29.14995765686035	-13.090899467468262	79.09559631347656
		*TM_POS -29.14995765686035	-13.090899467468262	79.09559631347656
		*TM_ROTAXIS -0.3395203948020935	-0.729070782661438	0.5942910313606262
		*TM_ROTANGLE 1.7535394571563052
		*TM_SCALE 1	1	1
		*TM_SCALEAXIS 0	0	0
		*TM_SCALEAXISANG 0	0	0
	}
}
*HELPEROBJECT {
	*NODE_NAME "ZS_RIGHTHAND"
	*NODE_PARENT "Bip01 R Hand"
	*NODE_TM {
		*NODE_NAME "ZS_RIGHTHAND"
		*TM_ROW0 -0.46434447169303894	0.8564170002937317	-0.22568610310554504
		*TM_ROW1 0.17786180973052979	0.33980607986450195	0.9235242605209351
		*TM_ROW2 0.8676113486289978	0.3886924088001251	-0.31011098623275757
		*TM_ROW3 -20.938901901245117	-19.98520278930664	85.89318084716797
		*TM_POS -20.938901901245117	-19.98520278930664	85.89318084716797
		*TM_ROTAXIS -0.38381069898605347	-0.7845816612243652	-0.48695069551467896
		*TM_ROTANGLE 2.370751175190366
		*TM_SCALE 1	1	1
		*TM_SCALEAXIS 0	0	0
		*TM_SCALEAXISANG 0	0	0
	}
}
*HELPEROBJECT {
	*NODE_NAME "ZS_BOW"
	*NODE_PARENT "Bip01 Spine2"
	*NODE_TM {
		*NODE_NAME "ZS_BOW"
		*TM_ROW0 -0.34181636571884155	-0.08682286739349365	0.9357474446296692
		*TM_ROW1 0.011943740770220757	0.9952413439750671	0.09670586884021759
		*TM_ROW2 -0.9396908283233643	0.04423197731375694	-0.3391527831554413
		*TM_ROW3 0.5012000203132629	12.414301872253418	124.54998779296875
		*TM_POS 0.5012000203132629	12.414301872253418	124.54998779296875
		*TM_ROTAXIS -0.027929915115237236	0.9982265830039978	0.05256982147693634
		*TM_ROTANGLE 1.920760297242217
		*TM_SCALE 1	1	1
		*TM_SCALEAXIS 0	0	0
		*TM_SCALEAXISANG 0	0	0
	}
}
*HELPEROBJECT {
	*NODE_NAME "ZS_SHIELD"
	*NODE_PARENT "Bip01 Spine2"
	*NODE_TM {
		*NODE_NAME "ZS_SHIELD"
		*TM_ROW0 -0.013868088833987713	0.11419563740491867	-0.9933614730834961
		*TM_ROW1 -0.9083928465843201	0.4137544631958008	0.060246579349040985
		*TM_ROW2 0.4178876578807831	0.9031980037689209	0.09799651801586151
		*TM_ROW3 8.76511001586914	9.528202056884766	131.87498474121094
		*TM_POS 8.76511001586914	9.528202056884766	131.87498474121094
		*TM_ROTAXIS 0.4354214072227478	-0.7289721369743347	-0.5282118916511536
		*TM_ROTANGLE 1.8245700022755855
		*TM_SCALE 1	1	1
		*TM_SCALEAXIS 0	0	0
		*TM_SCALEAXISANG 0	0	0
	}
}
*HELPEROBJECT {
	*NODE_NAME "ZS_LONGSWORD"
	*NODE_PARENT "Bip01 Spine2"
	*NODE_TM {
		*NODE_NAME "ZS_LONGSWORD"
		*TM_ROW0 -0.49982887506484985	-0.09150052070617676	0.8612774610519409
		*TM_ROW1 -0.8657289147377014	0.08281927555799484	-0.4936136305332184
		*TM_ROW2 -0.026164496317505836	-0.9923551082611084	-0.12061014771461487
		*TM_ROW3 -18.159299850463867	6.926292419433594	157.63998413085938
		*TM_POS -18.159299850463867	6.926292419433594	157.63998413085938
		*TM_ROTAXIS -0.3899601399898529	0.6938804984092712	-0.605360209941864
		*TM_ROTANGLE 2.4477742126659954
		*TM_SCALE 1	1	1
		*TM_SCALEAXIS 0	0	0
		*TM_SCALEAXISANG 0	0	0
	}
}
*HELPEROBJECT {
	*NODE_NAME "ZS_CROSSBOW"
	*NODE_PARENT "Bip01 Spine2"
	*NODE_TM {
		*NODE_NAME "ZS_CROSSBOW"
		*TM_ROW0 -0.38268640637397766	-0.11146394908428192	0.9171297550201416
		*TM_ROW1 -0.9238783121109009	0.046171706169843674	-0.3798908293247223
		*TM_ROW2 -1.3282218560561887e-06	-0.9926953315734863	-0.12064843624830246
		*TM_ROW3 -14.433999061584473	10.59150218963623	165.97999572753906
		*TM_POS -14.433999061584473	10.59150218963623	165.97999572753906
		*TM_ROTAXIS -0.44732925295829773	0.669478714466095	-0.5930386185646057
		*TM_ROTANGLE 2.3870451149286667
		*TM_SCALE 1	1	1
		*TM_SCALEAXIS 0	0	0
		*TM_SCALEAXISANG 0	0	0
	}
}
*HELPEROBJECT {
	*NODE_NAME "ZS_SWORD"
	*NODE_PARENT "Bip01 Spine"
	*NODE_TM {
		*NODE_NAME "ZS_SWORD"
		*TM_ROW0 4.4106806740273896e-07	-0.347171813249588	0.9378015398979187
		*TM_ROW1 7.883643604600366e-08	0.9378015398979187	0.347171813249588
		*TM_ROW2 -1.0	-7.884830210969085e-08	4.410659641962411e-07
		*TM_ROW3 17.50149917602539	-4.3621087074279785	106.36698150634766
		*TM_POS 17.50149917602539	-4.3621087074279785	106.36698150634766
		*TM_ROTAXIS -0.1736699491739273	0.969369649887085	0.1736699491739273
		*TM_ROTANGLE 1.6019001317426285
		*TM_SCALE 1	1	1
		*TM_SCALEAXIS 0	0	0
		*TM_SCALEAXISANG 0	0	0
	}
}
*HELPEROBJECT {
	*NODE_NAME "Bip01 L Thigh"
	*NODE_PARENT "Bip01 Pelvis"
	*NODE_TM {
		*NODE_NAME "Bip01 L Thigh"
		*TM_ROW0 0.044840648770332336	-0.036932334303855896	-1.00552499294281
		*TM_ROW1 -0.002229339210316539	-1.0144565105438232	0.036866266280412674
		*TM_ROW2 -1.0062005519866943	0.0003072624676860869	-0.06002083420753479
		*TM_ROW3 9.010167121887207	-8.011289596557617	99.94960021972656
		*TM_POS 9.010167121887207	-8.011289596557617	99.94960021972656
		*TM_ROTAXIS -0.7279512882232666	0.01345139741897583	0.6909949779510498
		*TM_ROTANGLE 3.116479126561655
		*TM_SCALE 1	1	1
		*TM_SCALEAXIS 0	0	0
		*TM_SCALEAXISANG 0	0	0
	}
}
*HELPEROBJECT {
	*NODE_NAME "Bip01 L Calf"
	*NODE_PARENT "Bip01 L Thigh"
	*NODE_TM {
		*NODE_NAME "Bip01 L Calf"
		*TM_ROW0 0.052344851195812225	0.19760948419570923	-0.9794372916221619
		*TM_ROW1 0.010499780997633934	-0.9814392328262329	-0.19733040034770966
		*TM_ROW2 -0.999117910861969	0.00015842349966987967	-0.05452313646674156
		*TM_ROW3 11.114835739135742	-9.458450317382812	60.68769836425781
		*TM_POS 11.114835739135742	-9.458450317382812	60.68769836425781
		*TM_ROTAXIS 0.7242415547370911	0.07217395305633545	-0.6861786842346191
		*TM_ROTANGLE 3.004824851056004
		*TM_SCALE 1	1	1
		*TM_SCALEAXIS 0	0	0
		*TM_SCALEAXISANG 0	0	0
	}
}
*HELPEROBJECT {
	*NODE_NAME "Bip01 L Foot"
	*NODE_PARENT "Bip01 L Calf"
	*NODE_TM {
		*NODE_NAME "Bip01 L Foot"
		*TM_ROW0 -5.465803769766353e-05	-5.931599298492074e-05	-0.9997800588607788
		*TM_ROW1 0.17363828420639038	-0.9843663573265076	1.0732459486462176e-05
		*TM_ROW2 -0.9845861792564392	-0.1736382693052292	0.0005005624261684716
		*TM_ROW3 13.693436622619629	0.2406686544418335	12.626704216003418
		*TM_POS 13.693436622619629	0.2406686544418335	12.626704216003418
		*TM_ROTAXIS -0.70558100938797	-0.061736736446619034	0.7057784795761108
		*TM_ROTANGLE 3.018226061637359
		*TM_SCALE 1	1	1
		*TM_SCALEAXIS 0	0	0
		*TM_SCALEAXISANG 0	0	0
	}
}
*HELPEROBJECT {
	*NODE_NAME "Bip01 L Toe0"
	*NODE_PARENT "Bip01 L Foot"
	*NODE_TM {
		*NODE_NAME "Bip01 L Toe0"
		*TM_ROW0 0.17363859713077545	-0.9847919344902039	2.900951039919164e-05
		*TM_ROW1 2.0529556422843598e-05	5.3970161388861015e-05	0.9999790787696838
		*TM_ROW2 -0.9847919344902039	-0.17361769080162048	4.6854438551235944e-05
		*TM_ROW3 17.625537872314453	-22.059101104736328	5.9604644775390625e-06
		*TM_POS 17.625537872314453	-22.059101104736328	5.9604644775390625e-06
		*TM_ROTAXIS -0.6443710327148438	0.5407224297523499	0.5407177209854126
		*TM_ROTANGLE 1.9967309498406784
		*TM_SCALE 1	1	1
		*TM_SCALEAXIS 0	0	0
		*TM_SCALEAXISANG 0	0	0
	}
}
*HELPEROBJECT {
	*NODE_NAME "Bip01 R Thigh"
	*NODE_PARENT "Bip01 Pelvis"
	*NODE_TM {
		*NODE_NAME "Bip01 R Thigh"
		*TM_ROW0 -0.05660127103328705	-0.03698030859231949	-1.0044047832489014
		*TM_ROW1 0.0022093066945672035	-1.0120025873184204	0.03691602125763893
		*TM_ROW2 -1.0050828456878662	-0.00036134468973614275	0.04396611824631691
		*TM_ROW3 -9.010272026062012	-8.011320114135742	99.94960021972656
		*TM_POS -9.010272026062012	-8.011320114135742	99.94960021972656
		*TM_ROTAXIS -0.6913361549377441	0.01257612556219101	0.7268002033233643
		*TM_ROTANGLE 3.114629009720171
		*TM_SCALE 1	1	1
		*TM_SCALEAXIS 0	0	0
		*TM_SCALEAXISANG 0	0	0
	}
}
*HELPEROBJECT {
	*NODE_NAME "Bip01 R Calf"
	*NODE_PARENT "Bip01 R Thigh"
	*NODE_TM {
		*NODE_NAME "Bip01 R Calf"
		*TM_ROW0 -0.052714042365550995	0.19765348732471466	-0.979600727558136
		*TM_ROW1 -0.01052964199334383	-0.981675922870636	-0.19737280905246735
		*TM_ROW2 -0.9992865920066833	4.7668621846241876e-05	0.052379000931978226
		*TM_ROW3 -11.115463256835938	-9.4585599899292	60.68779373168945
		*TM_POS -11.115463256835938	-9.4585599899292	60.68779373168945
		*TM_ROTAXIS 0.6867272853851318	0.06847714632749557	-0.724165141582489
		*TM_ROTANGLE 2.9973529301015103
		*TM_SCALE 1	1	1
		*TM_SCALEAXIS 0	0	0
		*TM_SCALEAXISANG 0	0	0
	}
}
*HELPEROBJECT {
	*NODE_NAME "Bip01 R Foot"
	*NODE_PARENT "Bip01 R Calf"
	*NODE_TM {
		*NODE_NAME "Bip01 R Foot"
		*TM_ROW0 -7.740735600236803e-05	-4.9147813115268946e-05	-1.0004446506500244
		*TM_ROW1 -0.17371009290218353	-0.9856931567192078	-1.537865500722546e-05
		*TM_ROW2 -0.9852483868598938	0.17371009290218353	-0.0008150142384693027
		*TM_ROW3 -13.693562507629395	0.24065077304840088	12.62669849395752
		*TM_POS -13.693562507629395	0.24065077304840088	12.62669849395752
		*TM_ROTAXIS 0.7060461640357971	-0.06176004186272621	-0.7057839035987854
		*TM_ROTANGLE 3.018253177697341
		*TM_SCALE 1	1	1
		*TM_SCALEAXIS 0	0	0
		*TM_SCALEAXISANG 0	0	0
	}
}
*HELPEROBJECT {
	*NODE_NAME "Bip01 R Toe0"
	*NODE_PARENT "Bip01 R Foot"
	*NODE_TM {
		*NODE_NAME "Bip01 R Toe0"
		*TM_ROW0 -0.17364433407783508	-0.9847696423530579	1.4552686479873955e-05
		*TM_ROW1 7.238228363348753e-07	4.720436845673248e-05	0.9999674558639526
		*TM_ROW2 -0.9847696423530579	0.17367689311504364	3.07231857732404e-05
		*TM_ROW3 -17.625560760498047	-22.0591983795166	2.8312206268310547e-05
		*TM_POS -17.625560760498047	-22.0591983795166	2.8312206268310547e-05
		*TM_ROTAXIS -0.5102468132972717	0.608119010925293	0.6081104874610901
		*TM_ROTANGLE 2.197957223417112
		*TM_SCALE 1	1	1
		*TM_SCALEAXIS 0	0	0
		*TM_SCALEAXISANG 0	0	0
	}
}
*GEOMOBJECT {
	*NODE_NAME "zm_Skin"
	*NODE_PARENT "Bip01"
	*NODE_TM {
		*NODE_NAME "zm_Skin"
		*TM_ROW0 -1.0	-3.8941436741879443e-07	0.0
		*TM_ROW1 3.8941436741879443e-07	-1.0	0.0
		*TM_ROW2 0.0	0.0	1.0
		*TM_ROW3 0.0	0.0	0.0
		*TM_POS 0.0	0.0	0.0
		*TM_ROTAXIS 0.0	0.0	1.0
		*TM_ROTANGLE 3.1415922641754257
		*TM_SCALE 1	1	1
		*TM_SCALEAXIS 0	0	0
		*TM_SCALEAXISANG 0	0	0
	}
	*MATERIAL_REF 0
	*MESH_SOFTSKIN {
		*TIMEVALUE 0
		*MESH_NUMVERTEX 522
		*MESH_NUMFACES 995
		*MESH_VERTEX_LIST {
			*MESH_VERTEX 0	14.427306175231934	-4.066138744354248	135.9229736328125
			*MESH_VERTEX 1	6.872574806213379	12.437202453613281	72.54820251464844
			*MESH_VERTEX 2	-27.61780548095703	-3.415186643600464	150.49801635742188
			*MESH_VERTEX 3	-13.750399589538574	11.352194786071777	0.1190129891037941
			*MESH_VERTEX 4	-14.484192848205566	-18.01990509033203	87.2038803100586
			*MESH_VERTEX 5	-22.895193099975586	-14.692009925842285	-0.3038859963417053
			*MESH_VERTEX 6	13.71939468383789	12.149903297424316	-0.08249137550592422
			*MESH_VERTEX 7	1.0623016357421875	-4.313549518585205	83.82737731933594
			*MESH_VERTEX 8	22.84860610961914	-13.829890251159668	0.1886570155620575
			*MESH_VERTEX 9	-13.835395812988281	-10.221602439880371	28.7194881439209
			*MESH_VERTEX 10	39.691795349121094	-8.4966402053833	118.928955078125
			*MESH_VERTEX 11	25.904390335083008	16.715003967285156	151.81298828125
			*MESH_VERTEX 12	4.1868391036987305	-21.765100479125977	119.01399230957031
			*MESH_VERTEX 13	-9.311866760253906	-22.79730224609375	136.6300048828125
			*MESH_VERTEX 14	-35.751197814941406	6.415238857269287	122.07199096679688
			*MESH_VERTEX 15	-24.097900390625	-15.799909591674805	117.61001586914062
			*MESH_VERTEX 16	20.14520263671875	-7.505411148071289	86.10237884521484
			*MESH_VERTEX 17	-20.42719268798828	-23.86670684814453	67.27639770507812
			*MESH_VERTEX 18	-3.5479016304016113	4.763398170471191	84.80217742919922
			*MESH_VERTEX 19	-26.35100555419922	4.471922874450684	134.19998168945312
			*MESH_VERTEX 20	-22.311992645263672	-17.11350440979004	76.89569091796875
			*MESH_VERTEX 21	-18.759801864624023	-11.328612327575684	130.9399871826172
			*MESH_VERTEX 22	32.965599060058594	-7.33502197265625	132.45094299316406
			*MESH_VERTEX 23	21.852699279785156	-16.992082595825195	75.08368682861328
			*MESH_VERTEX 24	18.742801666259766	-11.00318717956543	129.32496643066406
			*MESH_VERTEX 25	-35.32550048828125	1.9697787761688232	169.22500610351562
			*MESH_VERTEX 26	19.77590560913086	-21.213993072509766	67.40339660644531
			*MESH_VERTEX 27	35.54029846191406	2.0411362648010254	169.1119842529297
			*MESH_VERTEX 28	-29.895492553710938	-6.428410053253174	77.55579376220703
			*MESH_VERTEX 29	29.452293395996094	-6.315764904022217	75.69618225097656
			*MESH_VERTEX 30	-11.455001831054688	6.2319254875183105	114.01898956298828
			*MESH_VERTEX 31	-31.348690032958984	-20.261613845825195	82.05648803710938
			*MESH_VERTEX 32	30.968900680541992	-20.180381774902344	80.07718658447266
			*MESH_VERTEX 33	-0.454024076461792	-6.210750579833984	83.7535171508789
			*MESH_VERTEX 34	35.93220520019531	-5.619331359863281	121.03597259521484
			*MESH_VERTEX 35	26.79770278930664	-13.145383834838867	120.02996063232422
			*MESH_VERTEX 36	26.40299415588379	4.764835357666016	132.56495666503906
			*MESH_VERTEX 37	-32.90810012817383	-7.628017425537109	134.38601684570312
			*MESH_VERTEX 38	-30.48519515991211	-13.371713638305664	152.37901306152344
			*MESH_VERTEX 39	-25.663705825805664	16.536176681518555	150.69500732421875
			*MESH_VERTEX 40	15.000307083129883	-17.291091918945312	86.76427459716797
			*MESH_VERTEX 41	-15.930703163146973	-0.8331393003463745	60.83088684082031
			*MESH_VERTEX 42	-15.8984956741333	-13.803905487060547	141.10699462890625
			*MESH_VERTEX 43	-18.23971176147461	6.840455532073975	140.531982421875
			*MESH_VERTEX 44	35.616695404052734	6.7778096199035645	120.31896209716797
			*MESH_VERTEX 45	-20.06310272216797	-0.5214773416519165	64.11750030517578
			*MESH_VERTEX 46	-5.455022811889648	-21.36979866027832	64.28058624267578
			*MESH_VERTEX 47	31.947189331054688	5.6841349601745605	121.17796325683594
			*MESH_VERTEX 48	33.657501220703125	1.2716275453567505	117.89595031738281
			*MESH_VERTEX 49	-32.03430938720703	5.254030704498291	123.15200805664062
			*MESH_VERTEX 50	-36.151702880859375	-6.046719074249268	122.70198822021484
			*MESH_VERTEX 51	-34.23860168457031	0.9287286400794983	119.00402069091797
			*MESH_VERTEX 52	7.356549263000488	1.9558873176574707	154.65101623535156
			*MESH_VERTEX 53	0.34062138199806213	-7.490939617156982	145.87501525878906
			*MESH_VERTEX 54	-7.135110378265381	1.6913715600967407	154.57400512695312
			*MESH_VERTEX 55	-3.1597704887390137	1.1314687728881836	166.928955078125
			*MESH_VERTEX 56	24.049100875854492	-15.424583435058594	116.02996826171875
			*MESH_VERTEX 57	23.01898956298828	6.969273090362549	121.36296081542969
			*MESH_VERTEX 58	16.60370445251465	-8.628707885742188	124.43595123291016
			*MESH_VERTEX 59	26.027198791503906	-5.2651753425598145	133.0989532470703
			*MESH_VERTEX 60	-39.895904541015625	-8.859969139099121	120.49801635742188
			*MESH_VERTEX 61	34.629005432128906	1.6790475845336914	111.16099548339844
			*MESH_VERTEX 62	-35.4362907409668	1.7315454483032227	112.91700744628906
			*MESH_VERTEX 63	20.00050163269043	-7.517395973205566	114.79996490478516
			*MESH_VERTEX 64	-20.764598846435547	3.8501105308532715	31.186098098754883
			*MESH_VERTEX 65	25.93770408630371	-10.217985153198242	115.85394287109375
			*MESH_VERTEX 66	20.205202102661133	-12.538790702819824	142.4439697265625
			*MESH_VERTEX 67	11.486395835876465	6.751986026763916	114.03799438476562
			*MESH_VERTEX 68	-30.823198318481445	-5.399988174438477	161.65000915527344
			*MESH_VERTEX 69	-38.03329086303711	-4.148281574249268	161.20498657226562
			*MESH_VERTEX 70	34.594303131103516	-13.45398998260498	110.7559814453125
			*MESH_VERTEX 71	-4.471832752227783	-19.49830436706543	114.93199157714844
			*MESH_VERTEX 72	3.7091176509857178	-19.282001495361328	114.92798614501953
			*MESH_VERTEX 73	-37.2996940612793	-10.37451171875	81.28938293457031
			*MESH_VERTEX 74	-26.223796844482422	-10.410614013671875	118.48600006103516
			*MESH_VERTEX 75	-35.07798385620117	-13.518214225769043	112.64601135253906
			*MESH_VERTEX 76	-23.617509841918945	6.751954555511475	122.00599670410156
			*MESH_VERTEX 77	16.315292358398438	10.382603645324707	44.906009674072266
			*MESH_VERTEX 78	31.486404418945312	-10.514389991760254	114.54298400878906
			*MESH_VERTEX 79	36.91279602050781	-10.291082382202148	79.28328704833984
			*MESH_VERTEX 80	4.246382713317871	-7.682915210723877	163.20594787597656
			*MESH_VERTEX 81	-4.276156902313232	-7.462428569793701	163.1199493408203
			*MESH_VERTEX 82	-16.93880844116211	-1.874002456665039	127.7340087890625
			*MESH_VERTEX 83	-25.9462947845459	-5.545905113220215	134.833984375
			*MESH_VERTEX 84	-9.30175495147705	-14.398198127746582	24.069286346435547
			*MESH_VERTEX 85	-5.744513034820557	2.8299858570098877	33.779483795166016
			*MESH_VERTEX 86	9.53808307647705	-22.947294235229492	136.55899047851562
			*MESH_VERTEX 87	37.32209014892578	13.305304527282715	154.55300903320312
			*MESH_VERTEX 88	-18.470394134521484	-7.935536861419678	85.98157501220703
			*MESH_VERTEX 89	13.932600975036621	-8.142462730407715	29.05510902404785
			*MESH_VERTEX 90	20.04389762878418	4.1619768142700195	31.340295791625977
			*MESH_VERTEX 91	4.031030654907227	4.797882556915283	28.64459800720215
			*MESH_VERTEX 92	9.77850341796875	-13.19778823852539	24.626811981201172
			*MESH_VERTEX 93	13.158308029174805	-18.841991424560547	0.271092027425766
			*MESH_VERTEX 94	-13.153189659118652	-19.59700584411621	0.16573700308799744
			*MESH_VERTEX 95	-0.07904397696256638	7.277899265289307	114.41600036621094
			*MESH_VERTEX 96	-15.107795715332031	-6.447815895080566	114.85297393798828
			*MESH_VERTEX 97	12.004307746887207	-16.36309242248535	114.87498474121094
			*MESH_VERTEX 98	25.346405029296875	-15.438888549804688	92.43919372558594
			*MESH_VERTEX 99	-16.497591018676758	-22.53270721435547	74.7048110961914
			*MESH_VERTEX 100	6.577736854553223	-18.77639389038086	64.11651611328125
			*MESH_VERTEX 101	33.76169967651367	-13.367591857910156	154.40000915527344
			*MESH_VERTEX 102	30.371889114379883	14.15300178527832	151.61598205566406
			*MESH_VERTEX 103	32.87049102783203	15.742704391479492	155.71400451660156
			*MESH_VERTEX 104	31.109596252441406	7.369083404541016	160.92498779296875
			*MESH_VERTEX 105	31.217700958251953	-5.4005231857299805	162.67898559570312
			*MESH_VERTEX 106	38.354007720947266	-4.0854010581970215	161.11099243164062
			*MESH_VERTEX 107	3.3776798248291016	0.8872012495994568	166.93894958496094
			*MESH_VERTEX 108	-14.026601791381836	-10.220109939575195	135.31298828125
			*MESH_VERTEX 109	-21.453699111938477	8.457202911376953	132.27999877929688
			*MESH_VERTEX 110	19.024192810058594	2.7713871002197266	65.5494155883789
			*MESH_VERTEX 111	-0.657814621925354	-2.4679808616638184	33.54128646850586
			*MESH_VERTEX 112	-14.081501960754395	-5.718185901641846	17.938888549804688
			*MESH_VERTEX 113	18.84670066833496	4.1695780754089355	138.97499084472656
			*MESH_VERTEX 114	28.07149314880371	-3.609729528427124	149.43699645996094
			*MESH_VERTEX 115	24.79299545288086	10.262500762939453	145.4660186767578
			*MESH_VERTEX 116	-6.754750728607178	-0.46950769424438477	60.241188049316406
			*MESH_VERTEX 117	14.398801803588867	-4.58593225479126	18.233909606933594
			*MESH_VERTEX 118	0.47512301802635193	-1.24332857131958	33.204410552978516
			*MESH_VERTEX 119	-17.30870246887207	10.734594345092773	13.977800369262695
			*MESH_VERTEX 120	-8.360711097717285	3.390385866165161	13.168694496154785
			*MESH_VERTEX 121	-16.77890396118164	-2.5463321208953857	131.62701416015625
			*MESH_VERTEX 122	16.787799835205078	-2.226778030395508	130.09193420410156
			*MESH_VERTEX 123	23.409093856811523	1.9481189250946045	30.022096633911133
			*MESH_VERTEX 124	5.44618558883667	-16.154298782348633	83.58197784423828
			*MESH_VERTEX 125	8.017159461975098	4.109483242034912	12.825701713562012
			*MESH_VERTEX 126	-32.24169158935547	-10.433614730834961	116.37401580810547
			*MESH_VERTEX 127	-27.00299644470215	-13.571816444396973	121.78300476074219
			*MESH_VERTEX 128	-21.279794692993164	-9.543829917907715	115.99201202392578
			*MESH_VERTEX 129	-12.002903938293457	6.474692344665527	53.63758850097656
			*MESH_VERTEX 130	-24.133808135986328	6.742251873016357	144.66200256347656
			*MESH_VERTEX 131	20.12009620666504	5.194977760314941	13.990802764892578
			*MESH_VERTEX 132	-0.051390573382377625	-14.709297180175781	157.59197998046875
			*MESH_VERTEX 133	-0.10745345056056976	11.456798553466797	161.3870086669922
			*MESH_VERTEX 134	38.69770050048828	1.758548617362976	107.84799194335938
			*MESH_VERTEX 135	14.39781379699707	-18.39748764038086	136.614990234375
			*MESH_VERTEX 136	-4.458682060241699	-22.166603088378906	124.80897521972656
			*MESH_VERTEX 137	4.197319030761719	-22.21430015563965	124.54998779296875
			*MESH_VERTEX 138	0.014631727710366249	-21.385398864746094	132.97300720214844
			*MESH_VERTEX 139	-0.08128031343221664	-25.868595123291016	131.96200561523438
			*MESH_VERTEX 140	29.0492000579834	4.519044399261475	110.09198760986328
			*MESH_VERTEX 141	-39.20228958129883	1.6784648895263672	109.69901275634766
			*MESH_VERTEX 142	-16.101192474365234	-14.364401817321777	24.607784271240234
			*MESH_VERTEX 143	4.118008136749268	4.757241249084473	84.80437469482422
			*MESH_VERTEX 144	15.570897102355957	2.3704659938812256	60.959510803222656
			*MESH_VERTEX 145	6.410257339477539	2.1778018474578857	60.26871109008789
			*MESH_VERTEX 146	21.61320686340332	-13.388591766357422	111.06399536132812
			*MESH_VERTEX 147	20.55220603942871	-9.628801345825195	114.23199462890625
			*MESH_VERTEX 148	-29.856494903564453	4.566426753997803	111.79399108886719
			*MESH_VERTEX 149	18.969892501831055	7.085090637207031	138.26095581054688
			*MESH_VERTEX 150	18.05699920654297	-3.4425477981567383	134.22198486328125
			*MESH_VERTEX 151	-11.22910213470459	5.086645603179932	109.20901489257812
			*MESH_VERTEX 152	16.139495849609375	6.181796073913574	85.61481475830078
			*MESH_VERTEX 153	10.723097801208496	3.276914358139038	114.73200225830078
			*MESH_VERTEX 154	-18.570301055908203	5.668482303619385	100.19800567626953
			*MESH_VERTEX 155	29.44539451599121	5.037716865539551	117.42996215820312
			*MESH_VERTEX 156	19.243898391723633	-14.819185256958008	85.12358093261719
			*MESH_VERTEX 157	23.638208389282227	-7.174874782562256	90.84339141845703
			*MESH_VERTEX 158	22.553199768066406	-7.913888931274414	65.82811737060547
			*MESH_VERTEX 159	16.23529815673828	3.1958260536193848	71.39891052246094
			*MESH_VERTEX 160	-20.213199615478516	8.312710762023926	-1.9758297204971313
			*MESH_VERTEX 161	-25.707992553710938	-15.502813339233398	93.99009704589844
			*MESH_VERTEX 162	-19.541793823242188	-14.873102188110352	86.87749481201172
			*MESH_VERTEX 163	-24.150394439697266	-7.475708961486816	91.92950439453125
			*MESH_VERTEX 164	-12.415000915527344	2.4385149478912354	83.26567840576172
			*MESH_VERTEX 165	16.1427059173584	-20.514291763305664	74.19451141357422
			*MESH_VERTEX 166	4.671688556671143	-21.794498443603516	107.78499603271484
			*MESH_VERTEX 167	-4.783581733703613	-22.060800552368164	119.0259780883789
			*MESH_VERTEX 168	-4.796822547912598	-19.734498977661133	109.552001953125
			*MESH_VERTEX 169	-5.193661212921143	-22.131399154663086	107.7760009765625
			*MESH_VERTEX 170	-12.58590030670166	0.1727241724729538	162.49700927734375
			*MESH_VERTEX 171	-14.256088256835938	-21.687702178955078	64.67108154296875
			*MESH_VERTEX 172	16.55400276184082	-12.912985801696777	25.318912506103516
			*MESH_VERTEX 173	34.98970413208008	-5.582042217254639	166.98001098632812
			*MESH_VERTEX 174	-10.716700553894043	3.26690673828125	114.70098876953125
			*MESH_VERTEX 175	4.200247764587402	-19.48710060119629	109.5619888305664
			*MESH_VERTEX 176	-29.838804244995117	4.845304012298584	118.26502227783203
			*MESH_VERTEX 177	20.257495880126953	9.096556663513184	-1.9062529802322388
			*MESH_VERTEX 178	-6.620021820068359	11.866996765136719	71.99469757080078
			*MESH_VERTEX 179	14.859503746032715	-6.163663387298584	114.90099334716797
			*MESH_VERTEX 180	-22.12148666381836	-13.481611251831055	112.791015625
			*MESH_VERTEX 181	-20.33399772644043	-7.72857141494751	117.40402221679688
			*MESH_VERTEX 182	-0.13538293540477753	-21.022302627563477	114.43199157714844
			*MESH_VERTEX 183	-11.941393852233887	-16.12920379638672	114.8489990234375
			*MESH_VERTEX 184	-25.50260353088379	15.601292610168457	142.33900451660156
			*MESH_VERTEX 185	-17.579792022705078	-5.344740390777588	135.36102294921875
			*MESH_VERTEX 186	-21.650497436523438	-3.4570984840393066	133.6719970703125
			*MESH_VERTEX 187	-17.568897247314453	4.182186603546143	139.4550018310547
			*MESH_VERTEX 188	11.482799530029297	0.1113695427775383	162.84197998046875
			*MESH_VERTEX 189	15.502992630004883	13.988402366638184	149.91299438476562
			*MESH_VERTEX 190	-32.6616096496582	15.513877868652344	155.72898864746094
			*MESH_VERTEX 191	-30.74430274963379	7.306779861450195	161.02999877929688
			*MESH_VERTEX 192	-38.0015983581543	6.314516067504883	160.7860107421875
			*MESH_VERTEX 193	-30.192407608032227	14.008976936340332	150.53201293945312
			*MESH_VERTEX 194	23.813304901123047	-12.296889305114746	145.80096435546875
			*MESH_VERTEX 195	-16.722206115722656	-9.01714038848877	126.07398986816406
			*MESH_VERTEX 196	-0.16422387957572937	-25.98659324645996	140.33099365234375
			*MESH_VERTEX 197	16.80319595336914	-1.4336382150650024	126.14796447753906
			*MESH_VERTEX 198	20.38160514831543	-6.064901828765869	122.2879867553711
			*MESH_VERTEX 199	-23.764602661132812	-4.501030445098877	34.43578338623047
			*MESH_VERTEX 200	-1.01290762424469	-7.590239524841309	61.50367736816406
			*MESH_VERTEX 201	-32.19949722290039	0.35475313663482666	134.99899291992188
			*MESH_VERTEX 202	32.2715950012207	0.6435161828994751	133.1769561767578
			*MESH_VERTEX 203	-7.502953052520752	9.907258987426758	161.6300048828125
			*MESH_VERTEX 204	-0.07726582884788513	-0.941505491733551	159.2154998779297
			*MESH_VERTEX 205	-5.08331298828125	-16.17519760131836	83.5789794921875
			*MESH_VERTEX 206	-31.347793579101562	-16.743019104003906	118.46900939941406
			*MESH_VERTEX 207	20.104398727416992	8.020182609558105	133.26699829101562
			*MESH_VERTEX 208	11.379499435424805	7.141765117645264	122.63497924804688
			*MESH_VERTEX 209	-12.372204780578613	9.540038108825684	122.78398132324219
			*MESH_VERTEX 210	0.04573286697268486	9.113551139831543	123.47698211669922
