*3DSMAX_ASCIIEXPORT	110
*COMMENT "[ Kerrax ASCII Model Exporter ] - Feb 25 2013"
*SCENE {
	*SCENE_FILENAME ""
	*SCENE_FIRSTFRAME 0
	*SCENE_LASTFRAME 100
	*SCENE_FRAMESPEED 25
	*SCENE_TICKSPERFRAME 192
	*SCENE_BACKGROUND_STATIC 0	0	0
	*SCENE_AMBIENT_STATIC 0.2	0.2	0.2
}
*MATERIAL_LIST {
	*MATERIAL_COUNT 1
	*MATERIAL 0 {
		*MATERIAL_NAME "MultiMtl #0"
		*MATERIAL_CLASS "Multi/Sub-Object"
		*NUMSUBMTLS 4
		*SUBMATERIAL 0 {
			*MATERIAL_NAME "SHADOWBEAST"
			*MATERIAL_CLASS "Standard"
			*MATERIAL_DIFFUSE 0.27843138575553894	0.239215686917305	0.21568627655506134
			*MAP_DIFFUSE {
				*BITMAP "SHA_BODY_V0.TGA"
			}
		}
		*SUBMATERIAL 1 {
			*MATERIAL_NAME "WARRIORARMS"
			*MATERIAL_CLASS "Standard"
			*MATERIAL_DIFFUSE 0.22745099663734436	0.18823499977588654	0.1254899948835373
			*MAP_DIFFUSE {
				*BITMAP "ORC_ARMSCOMMANDER.TGA"
			}
		}
		*SUBMATERIAL 2 {
			*MATERIAL_NAME "WARRIORLEGS"
			*MATERIAL_CLASS "Standard"
			*MATERIAL_DIFFUSE 0.1411760002374649	0.1254899948835373	0.10196100175380707
			*MAP_DIFFUSE {
				*BITMAP "ORC_LEGSCOMMANDER.TGA"
			}
		}
		*SUBMATERIAL 3 {
			*MATERIAL_NAME "WARRIORBODY"
			*MATERIAL_CLASS "Standard"
			*MATERIAL_DIFFUSE 0.17647099494934082	0.1411760002374649	0.10196100175380707
			*MAP_DIFFUSE {
				*BITMAP "ORC_BODYCOMMANDER.TGA"
			}
		}
	}
}
*HELPEROBJECT {
	*NODE_NAME "Bip01"
	*NODE_TM {
		*NODE_NAME "Bip01"
		*TM_ROW0 -3.422854177870249e-08	-1.0	0.0
		*TM_ROW1 1.0	-3.422854177870249e-08	0.0
		*TM_ROW2 0.0	0.0	1.0
		*TM_ROW3 -9.999999974752427e-07	0.0	100.3899917602539
		*TM_POS -9.999999974752427e-07	0.0	100.3899917602539
		*TM_ROTAXIS 0.0	0.0	1.0
		*TM_ROTANGLE 1.5707963610234383
		*TM_SCALE 1	1	1
		*TM_SCALEAXIS 0	0	0
		*TM_SCALEAXISANG 0	0	0
	}
}
*HELPEROBJECT {
	*NODE_NAME "Bip01 Pelvis"
	*NODE_PARENT "Bip01"
	*NODE_TM {
		*NODE_NAME "Bip01 Pelvis"
		*TM_ROW0 -1.2144460015406366e-06	-1.8928879796931142e-07	1.0
		*TM_ROW1 3.1600391139363637e-06	-1.0	-1.892849610385383e-07
		*TM_ROW2 1.0	3.1600388865626883e-06	1.2144400898250751e-06
		*TM_ROW3 -1.401818371959962e-05	4.023313522338867e-05	100.3899917602539
		*TM_POS -1.401818371959962e-05	4.023313522338867e-05	100.3899917602539
		*TM_ROTAXIS 0.707106351852417	1.0503194971533958e-06	0.7071071863174438
		*TM_ROTANGLE 3.1415902852587023
		*TM_SCALE 1	1	1
		*TM_SCALEAXIS 0	0	0
		*TM_SCALEAXISANG 0	0	0
	}
}
*HELPEROBJECT {
	*NODE_NAME "Bip01 Spine"
	*NODE_PARENT "Bip01 Pelvis"
	*NODE_TM {
		*NODE_NAME "Bip01 Spine"
		*TM_ROW0 5.733029411203461e-07	-0.25958773493766785	0.9657193422317505
		*TM_ROW1 -1.4718970078320126e-06	-0.9657191634178162	-0.25958773493766785
		*TM_ROW2 0.9999998211860657	-1.3213949614510057e-06	-5.663678166456521e-07
		*TM_ROW3 -1.4018182810104918e-05	-1.8646899461746216	107.96898651123047
		*TM_POS -1.4018182810104918e-05	-1.8646899461746216	107.96898651123047
		*TM_ROTAXIS 0.7040440440177917	-0.0929746925830841	0.7040436863899231
		*TM_ROTANGLE 2.9561782870519475
		*TM_SCALE 1	1	1
		*TM_SCALEAXIS 0	0	0
		*TM_SCALEAXISANG 0	0	0
	}
}
*HELPEROBJECT {
	*NODE_NAME "Bip01 Spine1"
	*NODE_PARENT "Bip01 Spine"
	*NODE_TM {
		*NODE_NAME "Bip01 Spine1"
		*TM_ROW0 -1.893355329229962e-05	-0.08794865757226944	0.9961336255073547
		*TM_ROW1 -3.3954829632421024e-06	-0.9961422681808472	-0.08794865757226944
		*TM_ROW2 1.0000085830688477	-4.290801371098496e-06	1.387204633829242e-06
		*TM_ROW3 -7.018178621365223e-06	-6.558589458465576	125.48599243164062
		*TM_POS -7.018178621365223e-06	-6.558589458465576	125.48599243164062
		*TM_ROTAXIS 0.7067632675170898	-0.031141024082899094	0.7067704796791077
		*TM_ROTANGLE 3.079336162951664
		*TM_SCALE 1	1	1
		*TM_SCALEAXIS 0	0	0
		*TM_SCALEAXISANG 0	0	0
	}
}
*HELPEROBJECT {
	*NODE_NAME "Bip01 Spine2"
	*NODE_PARENT "Bip01 Spine1"
	*NODE_TM {
		*NODE_NAME "Bip01 Spine2"
		*TM_ROW0 -6.784636298107216e-06	0.17286281287670135	0.9849486947059631
		*TM_ROW1 -5.924810011492809e-07	-0.9849514961242676	0.17286281287670135
		*TM_ROW2 1.0000027418136597	1.1069420935427843e-07	1.289793431169528e-06
		*TM_ROW3 -5.0181770347990096e-06	-8.13953971862793	143.5500030517578
		*TM_POS -5.0181770347990096e-06	-8.13953971862793	143.5500030517578
		*TM_ROTAXIS -0.705769419670105	-0.06146315112709999	-0.705772340297699
		*TM_ROTANGLE 3.0188204558799003
		*TM_SCALE 1	1	1
		*TM_SCALEAXIS 0	0	0
		*TM_SCALEAXISANG 0	0	0
	}
}
*HELPEROBJECT {
	*NODE_NAME "Bip01 Spine3"
	*NODE_PARENT "Bip01 Spine2"
	*NODE_TM {
		*NODE_NAME "Bip01 Spine3"
		*TM_ROW0 -1.344884481113695e-06	0.17286191880702972	0.9849424362182617
		*TM_ROW1 -1.038424898069934e-06	-0.9849388599395752	0.17286191880702972
		*TM_ROW2 0.9999964237213135	-1.703468939240338e-07	8.623081157566048e-06
		*TM_ROW3 -9.018191121867858e-06	-4.989990234375	161.41299438476562
		*TM_POS -9.018191121867858e-06	-4.989990234375	161.41299438476562
		*TM_ROTAXIS -0.7057668566703796	-0.061462897807359695	-0.7057703733444214
		*TM_ROTANGLE 3.018820440746897
		*TM_SCALE 1	1	1
		*TM_SCALEAXIS 0	0	0
		*TM_SCALEAXISANG 0	0	0
	}
}
*HELPEROBJECT {
	*NODE_NAME "Bip01 Neck"
	*NODE_PARENT "Bip01 Spine3"
	*NODE_TM {
		*NODE_NAME "Bip01 Neck"
		*TM_ROW0 3.185853927334392e-07	-0.8267325162887573	0.5625953078269958
		*TM_ROW1 -1.885802021206473e-06	-0.5625953674316406	-0.8267325162887573
		*TM_ROW2 1.0	-7.56419581193768e-07	-1.8160442323278403e-06
		*TM_ROW3 -1.4018195543030743e-05	-1.8513097763061523	179.28199768066406
		*TM_POS -1.4018195543030743e-05	-1.8513097763061523	179.28199768066406
		*TM_ROTAXIS 0.66227787733078	-0.35039597749710083	0.6622769236564636
		*TM_ROTANGLE 2.467539564426909
		*TM_SCALE 1	1	1
		*TM_SCALEAXIS 0	0	0
		*TM_SCALEAXISANG 0	0	0
	}
}
*HELPEROBJECT {
	*NODE_NAME "Bip01 Neck1"
	*NODE_PARENT "Bip01 Neck"
	*NODE_TM {
		*NODE_NAME "Bip01 Neck1"
		*TM_ROW0 1.735546675263322e-06	-0.8432353734970093	0.5375445485115051
		*TM_ROW1 -1.9462781892798375e-06	-0.5375446081161499	-0.8432353734970093
		*TM_ROW2 1.0	4.2988369841623353e-07	-2.597116690594703e-06
		*TM_ROW3 -5.018216597818537e-06	-8.02731990814209	183.49200439453125
		*TM_POS -5.018216597818537e-06	-8.02731990814209	183.49200439453125
		*TM_ROTAXIS 0.6592702269554138	-0.3615632951259613	0.6592683792114258
		*TM_ROTANGLE 2.4477161537932193
		*TM_SCALE 1	1	1
		*TM_SCALEAXIS 0	0	0
		*TM_SCALEAXISANG 0	0	0
	}
}
*HELPEROBJECT {
	*NODE_NAME "Bip01 Neck2"
	*NODE_PARENT "Bip01 Neck1"
	*NODE_TM {
		*NODE_NAME "Bip01 Neck2"
		*TM_ROW0 2.0605109511961928e-06	-0.9348393082618713	0.35507094860076904
		*TM_ROW1 -1.827782853069948e-06	-0.35507088899612427	-0.9348393082618713
		*TM_ROW2 0.9999999403953552	1.2355519629636547e-06	-2.3798625079507474e-06
		*TM_ROW3 4.981792244507233e-06	-14.327796936035156	187.51499938964844
		*TM_POS 4.981792244507233e-06	-14.327796936035156	187.51499938964844
		*TM_ROTAXIS 0.6355223655700684	-0.43843498826026917	0.6355202794075012
		*TM_ROTANGLE 2.315203203523559
		*TM_SCALE 1	1	1
		*TM_SCALEAXIS 0	0	0
		*TM_SCALEAXISANG 0	0	0
	}
}
*HELPEROBJECT {
	*NODE_NAME "Bip01 Head"
	*NODE_PARENT "Bip01 Neck2"
	*NODE_TM {
		*NODE_NAME "Bip01 Head"
		*TM_ROW0 -3.51765288542083e-06	-0.21643948554992676	0.9762974381446838
		*TM_ROW1 -2.4088094505714253e-06	-0.9762988090515137	-0.21643948554992676
		*TM_ROW2 1.000001311302185	-2.8180377285025315e-06	2.189928380857964e-07
		*TM_ROW3 1.4981893400545232e-05	-21.31499671936035	190.16900634765625
		*TM_POS 1.4981893400545232e-05	-21.31499671936035	190.16900634765625
		*TM_ROTAXIS 0.7049957513809204	-0.0772104486823082	0.7049970626831055
		*TM_ROTANGLE 2.9874812339859536
		*TM_SCALE 1	1	1
		*TM_SCALEAXIS 0	0	0
		*TM_SCALEAXISANG 0	0	0
	}
}
*HELPEROBJECT {
	*NODE_NAME "Bip01 R Clavicle"
	*NODE_PARENT "Bip01 Neck"
	*NODE_TM {
		*NODE_NAME "Bip01 R Clavicle"
		*TM_ROW0 -0.93067866563797	-0.0635276734828949	-0.3602801561355591
		*TM_ROW1 -2.3180071195838536e-07	0.9848076105117798	-0.17364910244941711
		*TM_ROW2 0.3658381402492523	-0.161611407995224	-0.9165394306182861
		*TM_ROW3 -20.767009735107422	-1.8546802997589111	184.64100646972656
		*TM_POS -20.767009735107422	-1.8546802997589111	184.64100646972656
		*TM_ROTAXIS 0.016512814909219742	-0.9960588812828064	0.08714430034160614
		*TM_ROTANGLE 2.7685014989048238
		*TM_SCALE 1	1	1
		*TM_SCALEAXIS 0	0	0
		*TM_SCALEAXISANG 0	0	0
	}
}
*HELPEROBJECT {
	*NODE_NAME "Bip01 R UpperArm"
	*NODE_PARENT "Bip01 R Clavicle"
	*NODE_TM {
		*NODE_NAME "Bip01 R UpperArm"
		*TM_ROW0 -0.22657573223114014	0.32640138268470764	-0.9176740050315857
		*TM_ROW1 0.1105978861451149	0.9447046518325806	0.30870887637138367
		*TM_ROW2 0.9676939249038696	-0.03154686093330383	-0.25014644861221313
		*TM_ROW3 -38.16110610961914	-3.0419998168945312	177.906982421875
		*TM_POS -38.16110610961914	-3.0419998168945312	177.906982421875
		*TM_ROTAXIS -0.17648658156394958	-0.9779177308082581	-0.11193468421697617
		*TM_ROTANGLE 1.8400465719222412
		*TM_SCALE 1	1	1
		*TM_SCALEAXIS 0	0	0
		*TM_SCALEAXISANG 0	0	0
	}
}
*HELPEROBJECT {
	*NODE_NAME "Bip01 R Forearm"
	*NODE_PARENT "Bip01 R UpperArm"
	*NODE_TM {
		*NODE_NAME "Bip01 R Forearm"
		*TM_ROW0 -0.22762612998485565	-0.5359554290771484	-0.8129810094833374
		*TM_ROW1 -0.10841970145702362	0.8436566591262817	-0.52582186460495
		*TM_ROW2 0.9676939249038696	-0.03154764324426651	-0.25014641880989075
		*TM_ROW3 -48.24331283569336	11.482200622558594	137.072998046875
		*TM_POS -48.24331283569336	11.482200622558594	137.072998046875
		*TM_ROTAXIS 0.26058152318000793	-0.9387723207473755	0.22539696097373962
		*TM_ROTANGLE 1.8934221092877135
		*TM_SCALE 1	1	1
		*TM_SCALEAXIS 0	0	0
		*TM_SCALEAXISANG 0	0	0
	}
}
*HELPEROBJECT {
	*NODE_NAME "Bip01 R Hand"
	*NODE_PARENT "Bip01 R Forearm"
	*NODE_TM {
		*NODE_NAME "Bip01 R Hand"
		*TM_ROW0 -0.2276260256767273	-0.5359548926353455	-0.812981367111206
		*TM_ROW1 0.9676071405410767	-0.030874546617269516	-0.25056564807891846
		*TM_ROW2 0.10919144749641418	-0.8436818718910217	0.5256216526031494
		*TM_ROW3 -59.45851135253906	-14.9244966506958	97.01708221435547
		*TM_POS -59.45851135253906	-14.9244966506958	97.01708221435547
		*TM_ROTAXIS -0.3187282383441925	-0.49555638432502747	0.8079828023910522
		*TM_ROTANGLE 1.9459757617034759
		*TM_SCALE 1	1	1
		*TM_SCALEAXIS 0	0	0
		*TM_SCALEAXISANG 0	0	0
	}
}
*HELPEROBJECT {
	*NODE_NAME "Bip01 R Finger0"
	*NODE_PARENT "Bip01 R Hand"
	*NODE_TM {
		*NODE_NAME "Bip01 R Finger0"
		*TM_ROW0 -0.22762660682201385	-0.5359549522399902	-0.8129812479019165
		*TM_ROW1 0.9676938056945801	-0.031547319144010544	-0.25014710426330566
		*TM_ROW2 0.1084202229976654	-0.8436569571495056	0.5258212685585022
		*TM_ROW3 -63.972412109375	-32.67338943481445	67.19557189941406
		*TM_POS -63.972412109375	-32.67338943481445	67.19557189941406
		*TM_ROTAXIS -0.31897178292274475	-0.4951915144920349	0.8081104159355164
		*TM_ROTANGLE 1.9462302580653683
		*TM_SCALE 1	1	1
		*TM_SCALEAXIS 0	0	0
		*TM_SCALEAXISANG 0	0	0
	}
}
*HELPEROBJECT {
	*NODE_NAME "ZS_RIGHTHAND"
	*NODE_PARENT "Bip01 R Hand"
	*NODE_TM {
		*NODE_NAME "ZS_RIGHTHAND"
		*TM_ROW0 -0.0919259786605835	0.847041666507721	-0.5235169529914856
		*TM_ROW1 0.0985439270734787	0.530900776386261	0.841684877872467
		*TM_ROW2 0.9908777475357056	0.02578328363597393	-0.13227438926696777
		*TM_ROW3 -57.36658477783203	-39.93191146850586	91.4153823852539
		*TM_POS -57.36658477783203	-39.93191146850586	91.4153823852539
		*TM_ROTAXIS -0.434918075799942	-0.8072512745857239	-0.3989883065223694
		*TM_ROTANGLE 1.9247933869503502
		*TM_SCALE 1	1	1
		*TM_SCALEAXIS 0	0	0
		*TM_SCALEAXISANG 0	0	0
	}
}
*HELPEROBJECT {
	*NODE_NAME "Bip01 L Clavicle"
	*NODE_PARENT "Bip01 Neck"
	*NODE_TM {
		*NODE_NAME "Bip01 L Clavicle"
		*TM_ROW0 0.9306784868240356	-0.06352604180574417	-0.3602803945541382
		*TM_ROW1 -1.2932357549289009e-06	0.9848077297210693	-0.17364846169948578
		*TM_ROW2 0.36583811044692993	0.16161136329174042	0.9165392518043518
		*TM_ROW3 20.766990661621094	-1.8546098470687866	184.64100646972656
		*TM_POS 20.766990661621094	-1.8546098470687866	184.64100646972656
		*TM_ROTAXIS 0.417874276638031	-0.9050480127334595	0.07917845994234085
		*TM_ROTANGLE 0.4127710337569711
		*TM_SCALE 1	1	1
		*TM_SCALEAXIS 0	0	0
		*TM_SCALEAXISANG 0	0	0
	}
}
*HELPEROBJECT {
	*NODE_NAME "Bip01 L UpperArm"
	*NODE_PARENT "Bip01 L Clavicle"
	*NODE_TM {
		*NODE_NAME "Bip01 L UpperArm"
		*TM_ROW0 0.22657568752765656	0.3264026641845703	-0.9176735281944275
		*TM_ROW1 -0.11060208082199097	0.9447041153907776	0.30870911478996277
		*TM_ROW2 0.9676934480667114	0.03155062347650528	0.2501477897167206
		*TM_ROW3 38.161075592041016	-3.0418906211853027	177.906982421875
		*TM_POS 38.161075592041016	-3.0418906211853027	177.906982421875
		*TM_ROTAXIS -0.1417621225118637	-0.9643349647521973	-0.2235209047794342
		*TM_ROTANGLE 1.358491250665669
		*TM_SCALE 1	1	1
		*TM_SCALEAXIS 0	0	0
		*TM_SCALEAXISANG 0	0	0
	}
}
*HELPEROBJECT {
	*NODE_NAME "Bip01 L Forearm"
	*NODE_PARENT "Bip01 L UpperArm"
	*NODE_TM {
		*NODE_NAME "Bip01 L Forearm"
		*TM_ROW0 0.240525484085083	-0.4130493998527527	-0.8783721923828125
		*TM_ROW1 0.0756101906299591	0.9101619124412537	-0.4072939455509186
		*TM_ROW2 0.9676934480667114	0.031550679355859756	0.25014787912368774
		*TM_ROW3 48.24317169189453	11.482301712036133	137.072998046875
		*TM_POS 48.24317169189453	11.482301712036133	137.072998046875
		*TM_ROTAXIS 0.22396646440029144	-0.9421484470367432	0.24938976764678955
		*TM_ROTANGLE 1.3690121600129683
		*TM_SCALE 1	1	1
		*TM_SCALEAXIS 0	0	0
		*TM_SCALEAXISANG 0	0	0
	}
}
*HELPEROBJECT {
	*NODE_NAME "Bip01 L Hand"
	*NODE_PARENT "Bip01 L Forearm"
	*NODE_TM {
		*NODE_NAME "Bip01 L Hand"
		*TM_ROW0 0.24052417278289795	-0.41305041313171387	-0.878372073173523
		*TM_ROW1 -0.9676332473754883	-0.030825437977910042	-0.2504710555076599
		*TM_ROW2 0.07638099789619446	0.9101863503456116	-0.40709561109542847
		*TM_ROW3 60.093868255615234	-8.868767738342285	93.7951889038086
		*TM_POS 60.093868255615234	-8.868767738342285	93.7951889038086
		*TM_ROTAXIS 0.7245282530784607	-0.5959946513175964	-0.34619253873825073
		*TM_ROTANGLE 2.212671364699828
		*TM_SCALE 1	1	1
		*TM_SCALEAXIS 0	0	0
		*TM_SCALEAXISANG 0	0	0
	}
}
*HELPEROBJECT {
	*NODE_NAME "Bip01 L Finger0"
	*NODE_PARENT "Bip01 L Hand"
	*NODE_TM {
		*NODE_NAME "Bip01 L Finger0"
		*TM_ROW0 0.24052414298057556	-0.41305023431777954	-0.8783721923828125
		*TM_ROW1 -0.9676938056945801	-0.031549952924251556	-0.25014689564704895
		*TM_ROW2 0.0756106823682785	0.9101616740226746	-0.40729469060897827
		*TM_ROW3 65.01727294921875	-22.262998580932617	61.84091567993164
		*TM_POS 65.01727294921875	-22.262998580932617	61.84091567993164
		*TM_ROTAXIS 0.724622905254364	-0.5957707166671753	-0.3463797867298126
		*TM_ROTANGLE 2.213248001903744
		*TM_SCALE 1	1	1
		*TM_SCALEAXIS 0	0	0
		*TM_SCALEAXISANG 0	0	0
	}
}
*HELPEROBJECT {
	*NODE_NAME "ZS_LEFTHAND"
	*NODE_PARENT "Bip01 L Hand"
	*NODE_TM {
		*NODE_NAME "ZS_LEFTHAND"
		*TM_ROW0 -0.05902842804789543	-0.9126217365264893	0.40452104806900024
		*TM_ROW1 0.11115239560604095	-0.40871661901474	-0.9058675169944763
		*TM_ROW2 0.9920488595962524	-0.008508413098752499	0.12556591629981995
		*TM_ROW3 59.61100387573242	-32.9568977355957	84.97089385986328
		*TM_POS 59.61100387573242	-32.9568977355957	84.97089385986328
		*TM_ROTAXIS 0.605198085308075	-0.3962412476539612	0.6904550790786743
		*TM_ROTANGLE 2.3064736614617454
		*TM_SCALE 1	1	1
		*TM_SCALEAXIS 0	0	0
		*TM_SCALEAXISANG 0	0	0
	}
}
*GEOMOBJECT {
	*NODE_NAME "zm_Frill1"
	*NODE_PARENT "Bip01 L UpperArm"
	*NODE_TM {
		*NODE_NAME "zm_Frill1"
		*TM_ROW0 0.22657454013824463	0.3264026939868927	-0.9176738262176514
		*TM_ROW1 -0.11060208827257156	0.9447041153907776	0.30870917439460754
		*TM_ROW2 0.9676937460899353	0.03155100345611572	0.2501467168331146
		*TM_ROW3 38.161094665527344	-3.041891574859619	177.90696716308594
		*TM_POS 38.161094665527344	-3.041891574859619	177.90696716308594
		*TM_ROTAXIS -0.1417619287967682	-0.9643349647521973	-0.22352087497711182
		*TM_ROTANGLE 1.3584923853067432
		*TM_SCALE 1	1	1
		*TM_SCALEAXIS 0	0	0
		*TM_SCALEAXISANG 0	0	0
	}
	*MATERIAL_REF 0
	*MESH {
		*TIMEVALUE 0
		*MESH_NUMVERTEX 79
		*MESH_NUMFACES 146
		*MESH_VERTEX_LIST {
			*MESH_VERTEX 0	60.17047119140625	15.888267517089844	206.92991638183594
			*MESH_VERTEX 1	42.99876403808594	-1.5659854412078857	196.07119750976562
			*MESH_VERTEX 2	50.47282028198242	9.682344436645508	187.32254028320312
			*MESH_VERTEX 3	43.251766204833984	6.8824334144592285	191.41098022460938
			*MESH_VERTEX 4	49.558048248291016	-0.3820262551307678	188.5694580078125
			*MESH_VERTEX 5	50.54375076293945	13.27325439453125	195.8224334716797
			*MESH_VERTEX 6	56.50197982788086	8.88981819152832	194.26296997070312
			*MESH_VERTEX 7	51.330448150634766	6.859742641448975	198.53289794921875
			*MESH_VERTEX 8	55.040340423583984	13.391176223754883	194.34844970703125
			*MESH_VERTEX 9	66.53556060791016	29.82244873046875	184.4048614501953
			*MESH_VERTEX 10	49.22625732421875	9.404986381530762	183.43255615234375
			*MESH_VERTEX 11	54.105831146240234	17.1474666595459	170.1973876953125
			*MESH_VERTEX 12	47.96526336669922	15.770879745483398	176.28814697265625
			*MESH_VERTEX 13	54.25418472290039	8.090287208557129	174.84805297851562
			*MESH_VERTEX 14	55.36480712890625	23.4130802154541	176.8535919189453
			*MESH_VERTEX 15	61.29914474487305	18.870800018310547	175.71412658691406
			*MESH_VERTEX 16	57.13788986206055	18.317432403564453	181.32449340820312
			*MESH_VERTEX 17	59.509552001953125	23.105819702148438	174.58807373046875
			*MESH_VERTEX 18	56.4765739440918	27.125978469848633	150.74998474121094
			*MESH_VERTEX 19	59.67938995361328	-21.306108474731445	193.73297119140625
			*MESH_VERTEX 20	15.003700256347656	15.156783103942871	198.07496643066406
			*MESH_VERTEX 21	49.12089538574219	-4.127830505371094	211.094970703125
			*MESH_VERTEX 22	10.563697814941406	5.776581287384033	175.49598693847656
			*MESH_VERTEX 23	30.0653018951416	11.180388450622559	210.83697509765625
			*MESH_VERTEX 24	53.528995513916016	-28.966205596923828	176.44798278808594
			*MESH_VERTEX 25	65.66299438476562	-32.62930679321289	181.84893798828125
			*MESH_VERTEX 26	51.94708251953125	-15.283316612243652	149.2069549560547
			*MESH_VERTEX 27	44.15818786621094	-18.925416946411133	159.45797729492188
			*MESH_VERTEX 28	45.74968719482422	-28.393115997314453	164.92596435546875
			*MESH_VERTEX 29	69.46819305419922	-19.437110900878906	195.16494750976562
			*MESH_VERTEX 30	34.761993408203125	-5.687464714050293	179.9779815673828
			*MESH_VERTEX 31	27.068302154541016	4.834376335144043	198.0129852294922
			*MESH_VERTEX 32	50.23219680786133	-16.882709503173828	191.81396484375
			*MESH_VERTEX 33	50.43528747558594	8.452374458312988	189.9339599609375
			*MESH_VERTEX 34	64.22586059570312	12.683280944824219	155.1339874267578
			*MESH_VERTEX 35	47.41919708251953	-20.368209838867188	194.03697204589844
			*MESH_VERTEX 36	43.05437469482422	31.89837646484375	150.08998107910156
			*MESH_VERTEX 37	16.238285064697266	19.665475845336914	159.13699340820312
			*MESH_VERTEX 38	39.20027160644531	27.157575607299805	158.31497192382812
			*MESH_VERTEX 39	41.04627227783203	30.73517608642578	160.37799072265625
			*MESH_VERTEX 40	52.065372467041016	18.111982345581055	166.39598083496094
			*MESH_VERTEX 41	60.23847579956055	6.337721824645996	160.89598083496094
			*MESH_VERTEX 42	64.25537109375	7.926631927490234	161.62197875976562
			*MESH_VERTEX 43	36.42477798461914	24.992076873779297	166.3009796142578
			*MESH_VERTEX 44	38.156776428222656	28.751880645751953	167.6079864501953
			*MESH_VERTEX 45	62.95516586303711	16.96177864074707	145.68096923828125
			*MESH_VERTEX 46	49.15027618408203	-12.552417755126953	150.48997497558594
			*MESH_VERTEX 47	53.38277053833008	21.662979125976562	158.78097534179688
			*MESH_VERTEX 48	60.51537322998047	10.877281188964844	153.54598999023438
			*MESH_VERTEX 49	16.04918670654297	19.633378982543945	166.74298095703125
			*MESH_VERTEX 50	16.062488555908203	15.139378547668457	167.115966796875
			*MESH_VERTEX 51	18.821884155273438	17.09427833557129	158.615966796875
			*MESH_VERTEX 52	50.910972595214844	-6.865272045135498	140.4019775390625
			*MESH_VERTEX 53	48.423484802246094	-18.420814514160156	158.1709747314453
			*MESH_VERTEX 54	34.92158889770508	18.686784744262695	188.7019805908203
			*MESH_VERTEX 55	56.36247253417969	24.163278579711914	160.5559844970703
			*MESH_VERTEX 56	54.968868255615234	20.758779525756836	167.40496826171875
			*MESH_VERTEX 57	43.361785888671875	7.460513114929199	164.77096557617188
			*MESH_VERTEX 58	21.991676330566406	21.786876678466797	148.95997619628906
			*MESH_VERTEX 59	47.79550552368164	-6.011118412017822	212.29396057128906
			*MESH_VERTEX 60	40.45859909057617	-5.449061870574951	198.88897705078125
			*MESH_VERTEX 61	29.087902069091797	9.346558570861816	212.0339813232422
			*MESH_VERTEX 62	42.97306442260742	33.151878356933594	152.49998474121094
			*MESH_VERTEX 63	14.022003173828125	13.413183212280273	199.4609832763672
			*MESH_VERTEX 64	59.8240852355957	-4.1476826667785645	181.1109619140625
			*MESH_VERTEX 65	52.12428665161133	-30.397212982177734	177.4439697265625
			*MESH_VERTEX 66	64.60009002685547	-34.16440963745117	183.15895080566406
			*MESH_VERTEX 67	58.47499465942383	-22.772111892700195	195.12696838378906
			*MESH_VERTEX 68	64.40746307373047	16.7581787109375	147.69998168945312
			*MESH_VERTEX 69	37.48699951171875	-9.233271598815918	200.99697875976562
			*MESH_VERTEX 70	57.3963623046875	27.428382873535156	152.90496826171875
			*MESH_VERTEX 71	44.00279235839844	-29.2783145904541	166.4109649658203
			*MESH_VERTEX 72	21.77307891845703	23.170875549316406	151.4049835205078
			*MESH_VERTEX 73	68.28449249267578	-21.005704879760742	196.48495483398438
			*MESH_VERTEX 74	52.69867706298828	-7.387519836425781	142.33596801757812
			*MESH_VERTEX 75	13.218395233154297	3.5974223613739014	174.0009765625
			*MESH_VERTEX 76	40.957489013671875	-23.1378173828125	165.81396484375
			*MESH_VERTEX 77	23.20659828186035	0.7859594821929932	197.0099639892578
			*MESH_VERTEX 78	40.538185119628906	2.076813220977783	173.41598510742188
		}
		*MESH_FACE_LIST {
			*MESH_FACE    0:    A:    7 B:    6 C:    0 AB:    1 BC:    1 CA:    1	 *MESH_SMOOTHING 0 	*MESH_MTLID 0
			*MESH_FACE    1:    A:    5 B:    7 C:    0 AB:    1 BC:    1 CA:    1	 *MESH_SMOOTHING 0 	*MESH_MTLID 0
			*MESH_FACE    2:    A:    1 B:    3 C:    4 AB:    1 BC:    1 CA:    1	 *MESH_SMOOTHING 0 	*MESH_MTLID 0
			*MESH_FACE    3:    A:    8 B:    5 C:    0 AB:    1 BC:    1 CA:    1	 *MESH_SMOOTHING 0 	*MESH_MTLID 0
			*MESH_FACE    4:    A:    4 B:    3 C:    2 AB:    1 BC:    1 CA:    1	 *MESH_SMOOTHING 0 	*MESH_MTLID 0
			*MESH_FACE    5:    A:    6 B:    8 C:    0 AB:    1 BC:    1 CA:    1	 *MESH_SMOOTHING 0 	*MESH_MTLID 0
			*MESH_FACE    6:    A:    7 B:    5 C:    3 AB:    1 BC:    1 CA:    1	 *MESH_SMOOTHING 0 	*MESH_MTLID 0
			*MESH_FACE    7:    A:    2 B:    3 C:    5 AB:    1 BC:    1 CA:    1	 *MESH_SMOOTHING 0 	*MESH_MTLID 0
			*MESH_FACE    8:    A:    6 B:    7 C:    4 AB:    1 BC:    1 CA:    1	 *MESH_SMOOTHING 0 	*MESH_MTLID 0
			*MESH_FACE    9:    A:    4 B:    2 C:    6 AB:    1 BC:    1 CA:    1	 *MESH_SMOOTHING 0 	*MESH_MTLID 0
			*MESH_FACE    10:    A:    1 B:    4 C:    7 AB:    1 BC:    1 CA:    1	 *MESH_SMOOTHING 0 	*MESH_MTLID 0
			*MESH_FACE    11:    A:    3 B:    1 C:    7 AB:    1 BC:    1 CA:    1	 *MESH_SMOOTHING 0 	*MESH_MTLID 0
			*MESH_FACE    12:    A:    8 B:    6 C:    2 AB:    1 BC:    1 CA:    1	 *MESH_SMOOTHING 0 	*MESH_MTLID 0
			*MESH_FACE    13:    A:    5 B:    8 C:    2 AB:    1 BC:    1 CA:    1	 *MESH_SMOOTHING 0 	*MESH_MTLID 0
			*MESH_FACE    14:    A:    16 B:    15 C:    9 AB:    1 BC:    1 CA:    1	 *MESH_SMOOTHING 0 	*MESH_MTLID 0
			*MESH_FACE    15:    A:    14 B:    16 C:    9 AB:    1 BC:    1 CA:    1	 *MESH_SMOOTHING 0 	*MESH_MTLID 0
			*MESH_FACE    16:    A:    10 B:    12 C:    13 AB:    1 BC:    1 CA:    1	 *MESH_SMOOTHING 0 	*MESH_MTLID 0
			*MESH_FACE    17:    A:    17 B:    14 C:    9 AB:    1 BC:    1 CA:    1	 *MESH_SMOOTHING 0 	*MESH_MTLID 0
			*MESH_FACE    18:    A:    13 B:    12 C:    11 AB:    1 BC:    1 CA:    1	 *MESH_SMOOTHING 0 	*MESH_MTLID 0
			*MESH_FACE    19:    A:    15 B:    17 C:    9 AB:    1 BC:    1 CA:    1	 *MESH_SMOOTHING 0 	*MESH_MTLID 0
			*MESH_FACE    20:    A:    16 B:    14 C:    12 AB:    1 BC:    1 CA:    1	 *MESH_SMOOTHING 0 	*MESH_MTLID 0
			*MESH_FACE    21:    A:    11 B:    12 C:    14 AB:    1 BC:    1 CA:    1	 *MESH_SMOOTHING 0 	*MESH_MTLID 0
			*MESH_FACE    22:    A:    15 B:    16 C:    13 AB:    1 BC:    1 CA:    1	 *MESH_SMOOTHING 0 	*MESH_MTLID 0
			*MESH_FACE    23:    A:    13 B:    11 C:    15 AB:    1 BC:    1 CA:    1	 *MESH_SMOOTHING 0 	*MESH_MTLID 0
			*MESH_FACE    24:    A:    10 B:    13 C:    16 AB:    1 BC:    1 CA:    1	 *MESH_SMOOTHING 0 	*MESH_MTLID 0
			*MESH_FACE    25:    A:    12 B:    10 C:    16 AB:    1 BC:    1 CA:    1	 *MESH_SMOOTHING 0 	*MESH_MTLID 0
			*MESH_FACE    26:    A:    17 B:    15 C:    11 AB:    1 BC:    1 CA:    1	 *MESH_SMOOTHING 0 	*MESH_MTLID 0
			*MESH_FACE    27:    A:    14 B:    17 C:    11 AB:    1 BC:    1 CA:    1	 *MESH_SMOOTHING 0 	*MESH_MTLID 0
			*MESH_FACE    28:    A:    60 B:    21 C:    19 AB:    1 BC:    1 CA:    1	 *MESH_SMOOTHING 0 	*MESH_MTLID 1
			*MESH_FACE    29:    A:    69 B:    59 C:    61 AB:    1 BC:    1 CA:    1	 *MESH_SMOOTHING 0 	*MESH_MTLID 1
			*MESH_FACE    30:    A:    22 B:    77 C:    63 AB:    1 BC:    1 CA:    1	 *MESH_SMOOTHING 0 	*MESH_MTLID 1
			*MESH_FACE    31:    A:    61 B:    63 C:    77 AB:    1 BC:    1 CA:    1	 *MESH_SMOOTHING 0 	*MESH_MTLID 1
			*MESH_FACE    32:    A:    20 B:    31 C:    22 AB:    1 BC:    1 CA:    1	 *MESH_SMOOTHING 0 	*MESH_MTLID 1
			*MESH_FACE    33:    A:    69 B:    67 C:    59 AB:    1 BC:    1 CA:    1	 *MESH_SMOOTHING 0 	*MESH_MTLID 1
			*MESH_FACE    34:    A:    24 B:    32 C:    25 AB:    1 BC:    1 CA:    1	 *MESH_SMOOTHING 0 	*MESH_MTLID 1
			*MESH_FACE    35:    A:    67 B:    35 C:    66 AB:    1 BC:    1 CA:    1	 *MESH_SMOOTHING 0 	*MESH_MTLID 1
			*MESH_FACE    36:    A:    28 B:    32 C:    24 AB:    1 BC:    1 CA:    1	 *MESH_SMOOTHING 0 	*MESH_MTLID 1
			*MESH_FACE    37:    A:    29 B:    19 C:    21 AB:    1 BC:    1 CA:    1	 *MESH_SMOOTHING 0 	*MESH_MTLID 1
			*MESH_FACE    38:    A:    73 B:    59 C:    67 AB:    1 BC:    1 CA:    1	 *MESH_SMOOTHING 0 	*MESH_MTLID 1
			*MESH_FACE    39:    A:    31 B:    20 C:    23 AB:    1 BC:    1 CA:    1	 *MESH_SMOOTHING 0 	*MESH_MTLID 1
			*MESH_FACE    40:    A:    60 B:    23 C:    21 AB:    1 BC:    1 CA:    1	 *MESH_SMOOTHING 0 	*MESH_MTLID 1
			*MESH_FACE    41:    A:    19 B:    32 C:    60 AB:    1 BC:    1 CA:    1	 *MESH_SMOOTHING 0 	*MESH_MTLID 1
			*MESH_FACE    42:    A:    19 B:    25 C:    32 AB:    1 BC:    1 CA:    1	 *MESH_SMOOTHING 0 	*MESH_MTLID 1
			*MESH_FACE    43:    A:    66 B:    35 C:    65 AB:    1 BC:    1 CA:    1	 *MESH_SMOOTHING 0 	*MESH_MTLID 1
			*MESH_FACE    44:    A:    65 B:    35 C:    71 AB:    1 BC:    1 CA:    1	 *MESH_SMOOTHING 0 	*MESH_MTLID 1
			*MESH_FACE    45:    A:    29 B:    21 C:    59 AB:    1 BC:    1 CA:    1	 *MESH_SMOOTHING 0 	*MESH_MTLID 1
			*MESH_FACE    46:    A:    61 B:    59 C:    21 AB:    1 BC:    1 CA:    1	 *MESH_SMOOTHING 0 	*MESH_MTLID 1
			*MESH_FACE    47:    A:    23 B:    60 C:    31 AB:    1 BC:    1 CA:    1	 *MESH_SMOOTHING 0 	*MESH_MTLID 1
			*MESH_FACE    48:    A:    23 B:    61 C:    21 AB:    1 BC:    1 CA:    1	 *MESH_SMOOTHING 0 	*MESH_MTLID 1
			*MESH_FACE    49:    A:    63 B:    61 C:    23 AB:    1 BC:    1 CA:    1	 *MESH_SMOOTHING 0 	*MESH_MTLID 1
			*MESH_FACE    50:    A:    63 B:    23 C:    20 AB:    1 BC:    1 CA:    1	 *MESH_SMOOTHING 0 	*MESH_MTLID 1
			*MESH_FACE    51:    A:    63 B:    20 C:    22 AB:    1 BC:    1 CA:    1	 *MESH_SMOOTHING 0 	*MESH_MTLID 1
			*MESH_FACE    52:    A:    65 B:    24 C:    66 AB:    1 BC:    1 CA:    1	 *MESH_SMOOTHING 0 	*MESH_MTLID 1
			*MESH_FACE    53:    A:    24 B:    65 C:    28 AB:    1 BC:    1 CA:    1	 *MESH_SMOOTHING 0 	*MESH_MTLID 1
			*MESH_FACE    54:    A:    25 B:    66 C:    24 AB:    1 BC:    1 CA:    1	 *MESH_SMOOTHING 0 	*MESH_MTLID 1
			*MESH_FACE    55:    A:    66 B:    25 C:    67 AB:    1 BC:    1 CA:    1	 *MESH_SMOOTHING 0 	*MESH_MTLID 1
			*MESH_FACE    56:    A:    25 B:    19 C:    67 AB:    1 BC:    1 CA:    1	 *MESH_SMOOTHING 0 	*MESH_MTLID 1
			*MESH_FACE    57:    A:    29 B:    67 C:    19 AB:    1 BC:    1 CA:    1	 *MESH_SMOOTHING 0 	*MESH_MTLID 1
			*MESH_FACE    58:    A:    35 B:    67 C:    69 AB:    1 BC:    1 CA:    1	 *MESH_SMOOTHING 0 	*MESH_MTLID 1
			*MESH_FACE    59:    A:    71 B:    28 C:    65 AB:    1 BC:    1 CA:    1	 *MESH_SMOOTHING 0 	*MESH_MTLID 1
			*MESH_FACE    60:    A:    29 B:    73 C:    67 AB:    1 BC:    1 CA:    1	 *MESH_SMOOTHING 0 	*MESH_MTLID 1
			*MESH_FACE    61:    A:    73 B:    29 C:    59 AB:    1 BC:    1 CA:    1	 *MESH_SMOOTHING 0 	*MESH_MTLID 1
			*MESH_FACE    62:    A:    61 B:    77 C:    69 AB:    1 BC:    1 CA:    1	 *MESH_SMOOTHING 0 	*MESH_MTLID 1
			*MESH_FACE    63:    A:    44 B:    54 C:    33 AB:    1 BC:    1 CA:    1	 *MESH_SMOOTHING 0 	*MESH_MTLID 2
			*MESH_FACE    64:    A:    58 B:    36 C:    57 AB:    1 BC:    1 CA:    1	 *MESH_SMOOTHING 0 	*MESH_MTLID 2
			*MESH_FACE    65:    A:    49 B:    54 C:    44 AB:    1 BC:    1 CA:    1	 *MESH_SMOOTHING 0 	*MESH_MTLID 2
			*MESH_FACE    66:    A:    42 B:    64 C:    53 AB:    1 BC:    1 CA:    1	 *MESH_SMOOTHING 0 	*MESH_MTLID 2
			*MESH_FACE    67:    A:    22 B:    30 C:    77 AB:    1 BC:    1 CA:    1	 *MESH_SMOOTHING 0 	*MESH_MTLID 2
			*MESH_FACE    68:    A:    26 B:    34 C:    27 AB:    1 BC:    1 CA:    1	 *MESH_SMOOTHING 0 	*MESH_MTLID 2
			*MESH_FACE    69:    A:    57 B:    45 C:    52 AB:    1 BC:    1 CA:    1	 *MESH_SMOOTHING 0 	*MESH_MTLID 2
			*MESH_FACE    70:    A:    30 B:    71 C:    35 AB:    1 BC:    1 CA:    1	 *MESH_SMOOTHING 0 	*MESH_MTLID 2
			*MESH_FACE    71:    A:    27 B:    41 C:    53 AB:    1 BC:    1 CA:    1	 *MESH_SMOOTHING 0 	*MESH_MTLID 2
			*MESH_FACE    72:    A:    76 B:    30 C:    27 AB:    1 BC:    1 CA:    1	 *MESH_SMOOTHING 0 	*MESH_MTLID 2
			*MESH_FACE    73:    A:    27 B:    78 C:    46 AB:    1 BC:    1 CA:    1	 *MESH_SMOOTHING 0 	*MESH_MTLID 2
			*MESH_FACE    74:    A:    64 B:    42 C:    33 AB:    1 BC:    1 CA:    1	 *MESH_SMOOTHING 0 	*MESH_MTLID 2
			*MESH_FACE    75:    A:    64 B:    33 C:    60 AB:    1 BC:    1 CA:    1	 *MESH_SMOOTHING 0 	*MESH_MTLID 2
			*MESH_FACE    76:    A:    48 B:    46 C:    68 AB:    1 BC:    1 CA:    1	 *MESH_SMOOTHING 0 	*MESH_MTLID 2
			*MESH_FACE    77:    A:    44 B:    33 C:    56 AB:    1 BC:    1 CA:    1	 *MESH_SMOOTHING 0 	*MESH_MTLID 2
			*MESH_FACE    78:    A:    36 B:    18 C:    57 AB:    1 BC:    1 CA:    1	 *MESH_SMOOTHING 0 	*MESH_MTLID 2
			*MESH_FACE    79:    A:    47 B:    48 C:    70 AB:    1 BC:    1 CA:    1	 *MESH_SMOOTHING 0 	*MESH_MTLID 2
			*MESH_FACE    80:    A:    50 B:    30 C:    75 AB:    1 BC:    1 CA:    1	 *MESH_SMOOTHING 0 	*MESH_MTLID 2
			*MESH_FACE    81:    A:    49 B:    22 C:    31 AB:    1 BC:    1 CA:    1	 *MESH_SMOOTHING 0 	*MESH_MTLID 2
			*MESH_FACE    82:    A:    62 B:    72 C:    38 AB:    1 BC:    1 CA:    1	 *MESH_SMOOTHING 0 	*MESH_MTLID 2
			*MESH_FACE    83:    A:    70 B:    62 C:    47 AB:    1 BC:    1 CA:    1	 *MESH_SMOOTHING 0 	*MESH_MTLID 2
			*MESH_FACE    84:    A:    38 B:    51 C:    39 AB:    1 BC:    1 CA:    1	 *MESH_SMOOTHING 0 	*MESH_MTLID 2
			*MESH_FACE    85:    A:    39 B:    55 C:    38 AB:    1 BC:    1 CA:    1	 *MESH_SMOOTHING 0 	*MESH_MTLID 2
			*MESH_FACE    86:    A:    55 B:    39 C:    40 AB:    1 BC:    1 CA:    1	 *MESH_SMOOTHING 0 	*MESH_MTLID 2
			*MESH_FACE    87:    A:    39 B:    37 C:    43 AB:    1 BC:    1 CA:    1	 *MESH_SMOOTHING 0 	*MESH_MTLID 2
			*MESH_FACE    88:    A:    40 B:    41 C:    55 AB:    1 BC:    1 CA:    1	 *MESH_SMOOTHING 0 	*MESH_MTLID 2
			*MESH_FACE    89:    A:    41 B:    27 C:    34 AB:    1 BC:    1 CA:    1	 *MESH_SMOOTHING 0 	*MESH_MTLID 2
			*MESH_FACE    90:    A:    42 B:    53 C:    41 AB:    1 BC:    1 CA:    1	 *MESH_SMOOTHING 0 	*MESH_MTLID 2
			*MESH_FACE    91:    A:    41 B:    40 C:    42 AB:    1 BC:    1 CA:    1	 *MESH_SMOOTHING 0 	*MESH_MTLID 2
			*MESH_FACE    92:    A:    40 B:    43 C:    56 AB:    1 BC:    1 CA:    1	 *MESH_SMOOTHING 0 	*MESH_MTLID 2
			*MESH_FACE    93:    A:    43 B:    40 C:    39 AB:    1 BC:    1 CA:    1	 *MESH_SMOOTHING 0 	*MESH_MTLID 2
			*MESH_FACE    94:    A:    43 B:    50 C:    44 AB:    1 BC:    1 CA:    1	 *MESH_SMOOTHING 0 	*MESH_MTLID 2
			*MESH_FACE    95:    A:    44 B:    56 C:    43 AB:    1 BC:    1 CA:    1	 *MESH_SMOOTHING 0 	*MESH_MTLID 2
			*MESH_FACE    96:    A:    18 B:    45 C:    57 AB:    1 BC:    1 CA:    1	 *MESH_SMOOTHING 0 	*MESH_MTLID 2
			*MESH_FACE    97:    A:    68 B:    70 C:    48 AB:    1 BC:    1 CA:    1	 *MESH_SMOOTHING 0 	*MESH_MTLID 2
			*MESH_FACE    98:    A:    27 B:    46 C:    26 AB:    1 BC:    1 CA:    1	 *MESH_SMOOTHING 0 	*MESH_MTLID 2
			*MESH_FACE    99:    A:    46 B:    48 C:    26 AB:    1 BC:    1 CA:    1	 *MESH_SMOOTHING 0 	*MESH_MTLID 2
			*MESH_FACE    100:    A:    47 B:    38 C:    55 AB:    1 BC:    1 CA:    1	 *MESH_SMOOTHING 0 	*MESH_MTLID 2
			*MESH_FACE    101:    A:    38 B:    47 C:    62 AB:    1 BC:    1 CA:    1	 *MESH_SMOOTHING 0 	*MESH_MTLID 2
			*MESH_FACE    102:    A:    48 B:    47 C:    34 AB:    1 BC:    1 CA:    1	 *MESH_SMOOTHING 0 	*MESH_MTLID 2
			*MESH_FACE    103:    A:    34 B:    26 C:    48 AB:    1 BC:    1 CA:    1	 *MESH_SMOOTHING 0 	*MESH_MTLID 2
			*MESH_FACE    104:    A:    51 B:    78 C:    50 AB:    1 BC:    1 CA:    1	 *MESH_SMOOTHING 0 	*MESH_MTLID 2
			*MESH_FACE    105:    A:    50 B:    43 C:    37 AB:    1 BC:    1 CA:    1	 *MESH_SMOOTHING 0 	*MESH_MTLID 2
			*MESH_FACE    106:    A:    49 B:    44 C:    50 AB:    1 BC:    1 CA:    1	 *MESH_SMOOTHING 0 	*MESH_MTLID 2
			*MESH_FACE    107:    A:    50 B:    22 C:    49 AB:    1 BC:    1 CA:    1	 *MESH_SMOOTHING 0 	*MESH_MTLID 2
			*MESH_FACE    108:    A:    37 B:    39 C:    51 AB:    1 BC:    1 CA:    1	 *MESH_SMOOTHING 0 	*MESH_MTLID 2
			*MESH_FACE    109:    A:    51 B:    50 C:    37 AB:    1 BC:    1 CA:    1	 *MESH_SMOOTHING 0 	*MESH_MTLID 2
			*MESH_FACE    110:    A:    46 B:    57 C:    52 AB:    1 BC:    1 CA:    1	 *MESH_SMOOTHING 0 	*MESH_MTLID 2
			*MESH_FACE    111:    A:    74 B:    68 C:    46 AB:    1 BC:    1 CA:    1	 *MESH_SMOOTHING 0 	*MESH_MTLID 2
			*MESH_FACE    112:    A:    28 B:    53 C:    32 AB:    1 BC:    1 CA:    1	 *MESH_SMOOTHING 0 	*MESH_MTLID 2
			*MESH_FACE    113:    A:    27 B:    53 C:    28 AB:    1 BC:    1 CA:    1	 *MESH_SMOOTHING 0 	*MESH_MTLID 2
			*MESH_FACE    114:    A:    54 B:    49 C:    31 AB:    1 BC:    1 CA:    1	 *MESH_SMOOTHING 0 	*MESH_MTLID 2
			*MESH_FACE    115:    A:    54 B:    60 C:    33 AB:    1 BC:    1 CA:    1	 *MESH_SMOOTHING 0 	*MESH_MTLID 2
			*MESH_FACE    116:    A:    34 B:    55 C:    41 AB:    1 BC:    1 CA:    1	 *MESH_SMOOTHING 0 	*MESH_MTLID 2
			*MESH_FACE    117:    A:    55 B:    34 C:    47 AB:    1 BC:    1 CA:    1	 *MESH_SMOOTHING 0 	*MESH_MTLID 2
			*MESH_FACE    118:    A:    42 B:    56 C:    33 AB:    1 BC:    1 CA:    1	 *MESH_SMOOTHING 0 	*MESH_MTLID 2
			*MESH_FACE    119:    A:    56 B:    42 C:    40 AB:    1 BC:    1 CA:    1	 *MESH_SMOOTHING 0 	*MESH_MTLID 2
			*MESH_FACE    120:    A:    30 B:    50 C:    78 AB:    1 BC:    1 CA:    1	 *MESH_SMOOTHING 0 	*MESH_MTLID 2
			*MESH_FACE    121:    A:    78 B:    27 C:    30 AB:    1 BC:    1 CA:    1	 *MESH_SMOOTHING 0 	*MESH_MTLID 2
			*MESH_FACE    122:    A:    58 B:    57 C:    51 AB:    1 BC:    1 CA:    1	 *MESH_SMOOTHING 0 	*MESH_MTLID 2
			*MESH_FACE    123:    A:    51 B:    38 C:    72 AB:    1 BC:    1 CA:    1	 *MESH_SMOOTHING 0 	*MESH_MTLID 2
			*MESH_FACE    124:    A:    54 B:    31 C:    60 AB:    1 BC:    1 CA:    1	 *MESH_SMOOTHING 0 	*MESH_MTLID 2
			*MESH_FACE    125:    A:    36 B:    58 C:    62 AB:    1 BC:    1 CA:    1	 *MESH_SMOOTHING 0 	*MESH_MTLID 2
			*MESH_FACE    126:    A:    62 B:    70 C:    36 AB:    1 BC:    1 CA:    1	 *MESH_SMOOTHING 0 	*MESH_MTLID 2
			*MESH_FACE    127:    A:    64 B:    32 C:    53 AB:    1 BC:    1 CA:    1	 *MESH_SMOOTHING 0 	*MESH_MTLID 2
			*MESH_FACE    128:    A:    64 B:    60 C:    32 AB:    1 BC:    1 CA:    1	 *MESH_SMOOTHING 0 	*MESH_MTLID 2
			*MESH_FACE    129:    A:    45 B:    18 C:    68 AB:    1 BC:    1 CA:    1	 *MESH_SMOOTHING 0 	*MESH_MTLID 2
			*MESH_FACE    130:    A:    68 B:    74 C:    45 AB:    1 BC:    1 CA:    1	 *MESH_SMOOTHING 0 	*MESH_MTLID 2
			*MESH_FACE    131:    A:    69 B:    30 C:    35 AB:    1 BC:    1 CA:    1	 *MESH_SMOOTHING 0 	*MESH_MTLID 2
			*MESH_FACE    132:    A:    70 B:    68 C:    18 AB:    1 BC:    1 CA:    1	 *MESH_SMOOTHING 0 	*MESH_MTLID 2
			*MESH_FACE    133:    A:    18 B:    36 C:    70 AB:    1 BC:    1 CA:    1	 *MESH_SMOOTHING 0 	*MESH_MTLID 2
			*MESH_FACE    134:    A:    28 B:    71 C:    27 AB:    1 BC:    1 CA:    1	 *MESH_SMOOTHING 0 	*MESH_MTLID 2
			*MESH_FACE    135:    A:    72 B:    62 C:    58 AB:    1 BC:    1 CA:    1	 *MESH_SMOOTHING 0 	*MESH_MTLID 2
			*MESH_FACE    136:    A:    58 B:    51 C:    72 AB:    1 BC:    1 CA:    1	 *MESH_SMOOTHING 0 	*MESH_MTLID 2
			*MESH_FACE    137:    A:    46 B:    52 C:    74 AB:    1 BC:    1 CA:    1	 *MESH_SMOOTHING 0 	*MESH_MTLID 2
			*MESH_FACE    138:    A:    52 B:    45 C:    74 AB:    1 BC:    1 CA:    1	 *MESH_SMOOTHING 0 	*MESH_MTLID 2
			*MESH_FACE    139:    A:    50 B:    75 C:    22 AB:    1 BC:    1 CA:    1	 *MESH_SMOOTHING 0 	*MESH_MTLID 2
			*MESH_FACE    140:    A:    75 B:    30 C:    22 AB:    1 BC:    1 CA:    1	 *MESH_SMOOTHING 0 	*MESH_MTLID 2
			*MESH_FACE    141:    A:    30 B:    76 C:    71 AB:    1 BC:    1 CA:    1	 *MESH_SMOOTHING 0 	*MESH_MTLID 2
			*MESH_FACE    142:    A:    76 B:    27 C:    71 AB:    1 BC:    1 CA:    1	 *MESH_SMOOTHING 0 	*MESH_MTLID 2
			*MESH_FACE    143:    A:    77 B:    30 C:    69 AB:    1 BC:    1 CA:    1	 *MESH_SMOOTHING 0 	*MESH_MTLID 2
			*MESH_FACE    144:    A:    57 B:    46 C:    78 AB:    1 BC:    1 CA:    1	 *MESH_SMOOTHING 0 	*MESH_MTLID 2
			*MESH_FACE    145:    A:    78 B:    51 C:    57 AB:    1 BC:    1 CA:    1	 *MESH_SMOOTHING 0 	*MESH_MTLID 2
		}
		*MESH_NUMTVERTEX 438
		*MESH_TVERTLIST {
			*MESH_TVERT 0	0.9172564148902893	-0.1300046443939209	0
			*MESH_TVERT 1	0.955206573009491	-0.15209943056106567	0
			*MESH_TVERT 2	0.9882838726043701	-0.08313441276550293	0
			*MESH_TVERT 3	0.955206573009491	-0.15209943056106567	0
			*MESH_TVERT 4	0.9172564148902893	-0.1300046443939209	0
			*MESH_TVERT 5	0.9882838726043701	-0.08313441276550293	0
			*MESH_TVERT 6	0.8572336435317993	-0.33965301513671875	0
			*MESH_TVERT 7	0.832374632358551	-0.3733621835708618	0
			*MESH_TVERT 8	0.8836377859115601	-0.3729105591773987	0
			*MESH_TVERT 9	0.9821486473083496	-0.15537512302398682	0
			*MESH_TVERT 10	0.955206573009491	-0.15209943056106567	0
			*MESH_TVERT 11	0.9882838726043701	-0.08313441276550293	0
			*MESH_TVERT 12	0.8836377859115601	-0.3729105591773987	0
			*MESH_TVERT 13	0.832374632358551	-0.3733621835708618	0
			*MESH_TVERT 14	0.8584165573120117	-0.3909161686897278	0
			*MESH_TVERT 15	0.955206573009491	-0.15209943056106567	0
			*MESH_TVERT 16	0.9821486473083496	-0.15537512302398682	0
			*MESH_TVERT 17	0.9882838726043701	-0.08313441276550293	0
